-14.633,-41.726,-30
-10.656,-36.728,-30
-8.3651,-30.976,-30
-4.1568,-26.225,-30
-16.916,-40.049,-25.714
-12.988,-35.113,-25.707
-10.623,-29.27,-25.721
-6.4402,-24.548,-25.714
-19.2,-38.371,-21.429
-15.272,-33.436,-21.421
-12.906,-27.593,-21.435
-8.7236,-22.871,-21.429
-21.483,-36.694,-17.143
-17.555,-31.759,-17.135
-15.19,-25.915,-17.149
-11.007,-21.194,-17.143
-23.767,-35.017,-12.857
-19.839,-30.082,-12.85
-17.473,-24.238,-12.864
-13.29,-19.517,-12.857
-26.05,-33.34,-8.5714
-22.123,-28.405,-8.5639
-19.756,-22.561,-8.5781
-15.574,-17.84,-8.5714
-28.334,-31.663,-4.2857
-24.406,-26.729,-4.2782
-22.039,-20.884,-4.2924
-17.857,-16.163,-4.2857
-30.617,-29.986,-0
-26.64,-24.989,0
-24.349,-19.236,0
-20.141,-14.486,-0
