1072,1167,1166
1393,1394,1488
110,111,205
1034,1035,1129
2115,2020,2021
1296,1297,1391
2489,2583,2488
1652,1653,1747
2402,2403,2497
2369,2370,2464
1656,1751,1750
634,539,540
1017,1016,922
1026,932,1027
289,383,288
154,60,155
291,290,196
1086,991,992
382,381,287
198,292,197
192,286,191
489,490,584
460,555,554
697,696,602
474,568,473
971,1066,1065
645,646,740
721,722,816
582,487,488
1813,1719,1814
1683,1684,1778
767,862,861
2137,2232,2231
2025,2026,2120
1913,1912,1818
1050,955,956
2504,2410,2505
2495,2494,2400
1927,1832,1833
2551,2456,2457
1886,1792,1887
1850,1755,1756
1682,1588,1683
1064,1063,969
1276,1277,1371
1070,975,976
1179,1085,1180
1642,1643,1737
1296,1202,1297
1083,1177,1082
1010,1104,1009
1184,1089,1090
1931,1930,1836
2054,1959,1960
2322,2417,2416
2161,2162,2256
2271,2366,2365
1704,1610,1705
2183,2184,2278
2154,2059,2060
1596,1690,1595
1566,1471,1472
1297,1392,1391
1665,1571,1666
1219,1220,1314
874,780,875
1139,1140,1234
374,373,279
946,1041,1040
762,761,667
837,838,932
970,969,875
774,679,680
942,847,848
710,709,615
629,630,724
49,143,48
284,189,190
159,253,158
214,120,215
651,650,556
419,418,324
473,472,378
362,457,456
323,324,418
549,454,455
289,384,383
105,104,10
573,572,478
478,384,479
779,778,684
483,482,388
293,294,388
401,402,496
101,102,196
99,98,4
138,44,139
107,106,12
245,151,246
62,63,157
147,241,146
254,253,159
365,366,460
44,138,43
231,136,137
331,237,332
352,351,257
450,449,355
408,502,407
468,374,469
225,320,319
109,204,203
1276,1181,1182
1834,1739,1740
1107,1106,1012
1102,1008,1103
734,735,829
517,611,516
865,959,864
783,877,782
1386,1387,1481
1622,1716,1621
1618,1712,1617
1486,1392,1487
1275,1276,1370
1470,1471,1565
1214,1215,1309
1178,1177,1083
1267,1172,1173
857,856,762
871,965,870
863,958,957
977,883,978
765,860,859
689,784,783
788,789,883
766,672,767
667,572,573
669,763,668
861,862,956
765,766,860
968,967,873
1249,1344,1343
1472,1471,1377
1069,1163,1068
1922,2016,1921
1809,1904,1903
1554,1648,1553
1713,1807,1712
1465,1370,1371
1634,1729,1728
1847,1846,1752
1627,1532,1533
1650,1651,1745
2666,2667,2761
1815,1721,1816
1941,1847,1942
1714,1808,1713
856,761,762
1807,1806,1712
2006,2007,2101
1958,2053,2052
2486,2581,2580
2002,2096,2001
2573,2667,2572
1808,1902,1807
2790,2695,2696
2765,2764,2670
2761,2855,2760
2206,2300,2205
2239,2240,2334
2295,2390,2389
2329,2328,2234
2210,2115,2116
2230,2135,2136
2113,2208,2207
2015,2110,2109
2592,2686,2591
2801,2707,2802
2789,2790,2884
2791,2886,2885
2788,2693,2694
2799,2705,2800
2785,2691,2786
2787,2693,2788
2803,2804,2898
2364,2270,2365
2607,2608,2702
2555,2554,2460
2598,2599,2693
2708,2709,2803
2443,2538,2537
2617,2618,2712
2613,2612,2518
2500,2499,2405
2517,2422,2423
2409,2315,2410
2228,2322,2227
2132,2226,2131
2435,2340,2341
2225,2226,2320
2420,2326,2421
2211,2306,2305
1553,1458,1459
1564,1469,1470
2132,2227,2226
2123,2218,2217
1466,1467,1561
1662,1663,1757
1847,1752,1753
1865,1866,1960
1849,1943,1848
1948,1853,1854
1486,1391,1392
1389,1388,1294
1417,1323,1418
1584,1490,1585
1601,1506,1507
1587,1493,1588
1491,1586,1585
1489,1584,1583
1505,1599,1504
1407,1502,1501
1680,1585,1586
1781,1687,1782
1681,1586,1587
1779,1685,1780
1491,1492,1586
1589,1684,1683
1942,1943,2037
1893,1987,1892
2087,1993,2088
2168,2263,2262
2263,2358,2357
2145,2239,2144
2435,2436,2530
2327,2422,2421
2721,2815,2720
2260,2355,2354
2260,2166,2261
2360,2455,2454
2325,2324,2230
2170,2264,2169
2148,2243,2242
1860,1765,1766
1894,1895,1989
2704,2610,2705
2551,2550,2456
2357,2451,2356
2820,2821,2915
2362,2456,2361
2833,2834,2928
2842,2843,2937
2623,2718,2717
2658,2753,2752
1986,1892,1987
2275,2370,2369
2064,2159,2158
2463,2462,2368
2269,2270,2364
2090,2184,2089
1605,1604,1510
2279,2374,2373
2563,2562,2468
2462,2461,2367
2360,2359,2265
2265,2170,2171
2061,2156,2155
1693,1599,1694
1696,1791,1790
1606,1701,1700
1503,1598,1597
1608,1513,1514
1509,1603,1508
1708,1614,1709
1992,1898,1993
1804,1803,1709
1422,1328,1423
1321,1227,1322
1511,1416,1417
1519,1614,1613
1227,1228,1322
854,760,855
1042,1137,1136
754,849,848
933,932,838
748,747,653
752,753,847
839,933,838
1035,940,941
836,837,931
936,1031,1030
845,846,940
1038,944,1039
1174,1175,1269
1320,1415,1414
1198,1197,1103
1322,1228,1323
1268,1267,1173
1298,1392,1297
1296,1201,1202
1090,1089,995
1094,999,1000
1225,1224,1130
1099,1098,1004
1212,1118,1213
817,911,816
1018,1019,1113
1305,1210,1211
1018,1113,1112
1299,1205,1300
1106,1200,1105
730,729,635
647,741,646
727,633,728
742,837,836
729,728,634
632,631,537
723,628,629
520,615,614
354,355,449
230,325,324
237,331,236
248,249,343
261,262,356
156,62,157
357,452,451
149,244,243
167,72,73
369,275,370
167,261,166
550,549,455
451,450,356
642,643,737
843,748,749
563,657,562
363,364,458
365,364,270
280,374,279
272,271,177
183,277,182
189,94,95
179,273,178
466,465,371
98,3,4
7,101,6
107,202,201
96,1,2
13,108,107
206,112,207
207,301,206
101,196,195
107,201,106
104,9,10
106,200,105
104,199,198
99,4,5
288,287,193
288,383,382
292,387,386
388,389,483
477,572,571
381,286,287
763,762,668
666,571,572
667,573,668
787,786,692
485,391,486
489,395,490
479,385,480
675,581,676
104,198,103
98,99,193
298,204,299
307,402,401
400,401,495
503,502,408
389,294,295
301,302,396
307,306,212
507,506,412
595,594,500
489,488,394
684,778,683
707,706,612
491,492,586
598,503,504
602,601,507
403,402,308
404,310,405
416,417,511
307,212,213
507,412,413
211,212,306
309,403,308
207,302,301
306,401,400
205,111,206
307,213,308
109,110,204
308,214,309
110,16,111
120,121,215
115,209,114
115,210,209
30,125,124
222,127,128
28,123,122
135,40,41
31,126,125
226,320,225
214,213,119
227,322,321
224,223,129
230,231,325
225,131,226
131,132,226
131,36,37
222,221,127
38,39,133
229,228,134
134,39,40
136,41,42
44,45,139
140,45,46
326,232,327
238,144,239
142,237,236
236,141,142
238,333,332
329,328,234
330,424,329
228,322,227
323,228,229
232,137,138
516,610,515
607,606,512
541,542,636
514,513,419
425,424,330
328,233,234
518,517,423
328,327,233
518,519,613
615,616,710
802,708,803
709,614,615
795,700,701
608,702,607
610,705,704
606,511,512
604,510,605
605,511,606
513,607,512
509,508,414
693,598,599
700,606,701
415,320,321
415,321,416
223,224,318
319,224,225
503,409,504
410,315,316
405,310,311
406,405,311
603,602,508
506,505,411
506,601,600
602,603,697
508,602,507
603,698,697
789,788,694
892,891,797
1087,992,993
1077,1171,1076
978,883,884
1078,984,1079
1146,1241,1240
1075,1170,1169
1180,1275,1274
1076,1171,1170
699,794,793
704,798,703
793,792,698
984,889,890
797,796,702
1005,910,911
830,829,735
907,906,812
898,992,897
1087,1088,1182
979,978,884
901,806,807
709,710,804
740,741,835
898,993,992
994,1089,1088
899,994,993
995,1089,994
1079,984,985
897,992,991
1087,1181,1086
1083,988,989
1181,1275,1180
1174,1079,1080
1274,1275,1369
1381,1382,1476
1184,1278,1183
1181,1180,1086
1091,1185,1090
1183,1088,1089
1185,1186,1280
1200,1294,1199
1374,1280,1375
1381,1286,1287
1565,1564,1470
1374,1375,1469
1466,1372,1467
1372,1373,1467
1367,1368,1462
1367,1272,1273
1461,1460,1366
1362,1361,1267
1266,1172,1267
1271,1366,1365
1176,1177,1271
1271,1177,1272
1265,1171,1266
1270,1271,1365
1167,1073,1168
1171,1172,1266
1170,1171,1265
1267,1268,1362
1456,1361,1362
1361,1266,1267
1549,1454,1455
1461,1366,1367
1447,1352,1353
1353,1352,1258
1542,1541,1447
1456,1457,1551
1542,1447,1448
1446,1352,1447
1446,1351,1352
1350,1255,1256
1445,1350,1351
1349,1254,1255
1258,1257,1163
1354,1355,1449
1448,1447,1353
1351,1257,1352
1358,1264,1359
1355,1261,1356
1353,1354,1448
1259,1260,1354
879,880,974
1073,1167,1072
879,785,880
887,793,888
881,880,786
788,882,787
788,787,693
690,689,595
781,782,876
878,879,973
780,874,779
873,874,968
1069,1070,1164
1253,1159,1254
1160,1255,1254
1256,1351,1350
1166,1165,1071
1076,1170,1075
869,868,774
771,676,677
960,866,961
777,778,872
770,675,676
679,584,585
678,584,679
779,684,685
864,770,865
770,769,675
671,672,766
768,674,769
960,865,866
866,772,867
767,768,862
863,768,769
963,962,868
866,771,772
1144,1238,1143
1238,1144,1239
1262,1167,1168
1052,958,1053
1154,1155,1249
961,962,1056
1062,968,1063
1441,1346,1347
1250,1344,1249
1240,1239,1145
1143,1237,1142
1343,1342,1248
957,1052,1051
1338,1337,1243
1046,951,952
1238,1237,1143
1237,1236,1142
1334,1335,1429
1531,1437,1532
1813,1812,1718
1621,1715,1620
1812,1811,1717
1713,1618,1619
1902,1903,1997
1903,1904,1998
1912,2006,1911
1903,1902,1808
1719,1720,1814
1832,1831,1737
1524,1525,1619
1726,1632,1727
1528,1622,1527
1644,1643,1549
1632,1726,1631
1724,1629,1630
1634,1635,1729
1626,1625,1531
1552,1646,1551
1633,1632,1538
1629,1534,1535
1543,1448,1449
1738,1832,1737
1634,1728,1633
2021,2020,1926
1920,1825,1826
1819,1724,1725
1723,1722,1628
1818,1723,1724
1722,1721,1627
1817,1722,1723
1721,1626,1627
1917,2011,1916
1810,1904,1809
2112,2111,2017
2008,2007,1913
2042,2137,2136
1921,2016,2015
2217,2311,2216
2019,2113,2018
2303,2302,2208
2207,2206,2112
2209,2304,2303
2102,2101,2007
2015,2109,2014
2102,2007,2008
2294,2389,2388
2198,2197,2103
2196,2290,2195
2480,2481,2575
2199,2294,2293
2094,2093,1999
2009,2104,2103
2005,2100,2099
2196,2195,2101
2378,2283,2284
1811,1906,1905
2196,2101,2102
2377,2283,2378
2665,2664,2570
2190,2189,2095
2000,2094,1999
2098,2192,2097
2097,2192,2191
2380,2381,2475
2288,2289,2383
2485,2484,2390
2484,2485,2579
2293,2388,2387
2389,2390,2484
2295,2296,2390
2391,2485,2390
2303,2397,2302
2393,2394,2488
2400,2494,2399
2487,2392,2393
2387,2388,2482
2580,2485,2486
2570,2569,2475
2092,2091,1997
2474,2379,2380
2473,2378,2379
2663,2757,2662
2760,2855,2854
1806,1711,1712
2757,2756,2662
2851,2756,2757
2862,2768,2863
2861,2767,2862
2862,2767,2768
2475,2476,2570
2669,2574,2575
2761,2760,2666
2568,2663,2662
2765,2671,2766
2787,2786,2692
2774,2775,2869
2866,2772,2867
2774,2869,2868
2778,2779,2873
2780,2779,2685
2777,2682,2683
2875,2781,2876
2780,2685,2686
2591,2686,2685
2672,2766,2671
2707,2708,2802
2393,2488,2487
2592,2497,2498
2495,2589,2494
2589,2588,2494
2488,2582,2487
2398,2492,2397
2492,2587,2586
2582,2676,2581
2577,2672,2671
2391,2390,2296
2394,2489,2488
2302,2397,2396
2398,2399,2493
2496,2590,2495
2493,2587,2492
2401,2400,2306
2304,2398,2303
2305,2306,2400
2498,2499,2593
2219,2313,2218
2308,2403,2402
2221,2315,2220
2408,2313,2314
2125,2220,2219
2221,2316,2315
2411,2316,2317
2410,2315,2316
2313,2408,2407
2410,2411,2505
2314,2315,2409
2326,2420,2325
2402,2307,2308
2503,2409,2504
2306,2307,2401
2404,2499,2498
2693,2787,2692
2781,2686,2687
2593,2687,2592
2697,2792,2791
2879,2785,2880
2783,2782,2688
2882,2788,2883
2791,2792,2886
2695,2790,2789
2703,2702,2608
2698,2792,2697
2789,2694,2695
2689,2688,2594
2512,2606,2511
2594,2499,2500
2316,2411,2410
2516,2517,2611
2613,2708,2707
2414,2415,2509
2690,2689,2595
2598,2597,2503
2696,2602,2697
2700,2794,2699
2890,2889,2795
2894,2800,2895
2705,2611,2706
2709,2804,2803
2619,2620,2714
2610,2516,2611
2419,2325,2420
2423,2518,2517
2324,2325,2419
2422,2517,2516
2515,2609,2514
2412,2413,2507
2606,2605,2511
2506,2600,2505
2510,2415,2416
2320,2414,2319
2228,2323,2322
2126,2220,2125
2415,2320,2321
2324,2419,2418
2230,2229,2135
2324,2323,2229
2514,2419,2420
2418,2323,2324
2126,2031,2032
2137,2138,2232
2043,2138,2137
1934,2028,1933
1948,1947,1853
1839,1934,1933
2041,2040,1946
2037,2036,1942
2135,2134,2040
2132,2038,2133
2129,2034,2035
2228,2134,2229
2036,2037,2131
2133,2134,2228
2029,2123,2028
2131,2226,2225
2223,2318,2317
2222,2316,2221
2032,2033,2127
2126,2221,2220
2123,2124,2218
2220,2315,2314
2313,2312,2218
2211,2305,2210
2117,2023,2118
2124,2219,2218
2122,2121,2027
2024,1929,1930
1935,1841,1936
2130,2129,2035
2124,2123,2029
2030,2029,1935
2126,2032,2127
2029,2028,1934
1843,1749,1844
1847,1848,1942
1652,1746,1651
1548,1642,1547
1838,1839,1933
1743,1837,1742
1932,1837,1838
1646,1740,1645
1646,1645,1551
1644,1738,1643
1742,1741,1647
1741,1740,1646
1552,1458,1553
1556,1651,1650
1556,1557,1651
1559,1560,1654
1557,1463,1558
1463,1368,1369
1749,1655,1750
1848,1754,1849
1656,1657,1751
1851,1756,1757
1744,1839,1838
1744,1649,1650
1846,1751,1752
1945,1851,1946
1848,1753,1754
1852,1947,1946
1847,1753,1848
1851,1852,1946
1752,1658,1753
1851,1757,1852
1563,1468,1469
1756,1662,1757
1655,1561,1656
1565,1659,1564
1566,1472,1567
1570,1571,1665
1756,1661,1662
1761,1667,1762
1664,1570,1665
1671,1766,1765
1665,1666,1760
1861,1766,1767
1762,1667,1668
1870,1775,1776
1763,1762,1668
1872,1777,1778
1764,1670,1765
1673,1768,1767
1480,1386,1481
1484,1579,1578
1391,1486,1485
1584,1489,1490
1578,1673,1672
1774,1679,1680
1392,1393,1487
1490,1491,1585
1580,1674,1579
1581,1486,1487
1588,1589,1683
1780,1686,1781
1772,1677,1678
1879,1785,1880
1584,1585,1679
1681,1682,1776
1578,1672,1577
1773,1678,1679
1673,1674,1768
1675,1769,1674
1775,1681,1776
1786,1787,1881
1965,2060,2059
2075,2074,1980
1871,1776,1777
1877,1972,1971
1962,1961,1867
1965,1870,1871
2161,2067,2162
2087,2088,2182
2157,2158,2252
2250,2249,2155
2252,2251,2157
2058,2059,2153
2254,2348,2253
2151,2245,2150
2251,2346,2345
2250,2344,2249
1958,1863,1864
2155,2154,2060
1960,1866,1961
1965,1966,2060
1859,1765,1860
1867,1868,1962
1863,1862,1768
1766,1671,1672
1663,1664,1758
1761,1762,1856
1954,2048,1953
2042,1947,1948
1952,1858,1953
2054,1960,2055
1956,1862,1957
1960,1961,2055
2333,2332,2238
2333,2334,2428
2428,2429,2523
2428,2427,2333
2341,2342,2436
2335,2429,2334
2524,2430,2525
2528,2622,2527
2427,2428,2522
2524,2619,2618
2620,2715,2714
2425,2520,2519
2615,2521,2616
2809,2714,2715
2616,2521,2522
2615,2614,2520
2613,2614,2708
2615,2709,2614
2614,2709,2708
2710,2711,2805
2807,2808,2902
2835,2834,2740
2906,2812,2907
2903,2808,2809
2713,2619,2714
2909,2815,2910
2717,2716,2622
2523,2522,2428
2807,2713,2808
2716,2717,2811
2537,2631,2536
2526,2525,2431
2909,2814,2815
2812,2811,2717
2906,2905,2811
2808,2713,2714
2912,2817,2818
2820,2915,2914
2820,2914,2819
2636,2730,2635
2920,2826,2921
2442,2443,2537
2635,2541,2636
2531,2437,2532
2732,2638,2733
2348,2443,2442
2544,2450,2545
2533,2532,2438
2339,2433,2338
2527,2433,2528
2627,2628,2722
2526,2431,2432
2529,2623,2528
2244,2338,2243
2334,2333,2239
2436,2435,2341
2338,2337,2243
2346,2440,2345
2248,2342,2247
2251,2252,2346
2253,2347,2252
2163,2258,2257
2345,2344,2250
2164,2259,2258
2349,2348,2254
2264,2358,2263
2165,2260,2259
2453,2452,2358
2356,2451,2450
2268,2363,2362
2456,2455,2361
2546,2451,2452
2548,2549,2643
2450,2451,2545
2452,2547,2546
2446,2447,2541
2350,2445,2444
2539,2445,2540
2347,2348,2442
2642,2643,2737
2632,2631,2537
2731,2730,2636
2625,2720,2719
2639,2733,2638
2734,2735,2829
2922,2827,2828
2730,2729,2635
2923,2828,2829
2638,2732,2637
2640,2641,2735
2739,2834,2833
2644,2645,2739
2739,2833,2738
2653,2748,2747
2640,2545,2546
2455,2456,2550
2552,2647,2646
2655,2654,2560
2458,2552,2457
2742,2648,2743
2648,2742,2647
2844,2843,2749
2840,2745,2746
2933,2932,2838
2939,2938,2844
2944,2943,2849
2656,2751,2750
2847,2846,2752
2653,2747,2652
2749,2654,2655
2648,2553,2554
2560,2561,2655
2461,2555,2460
2373,2374,2468
2462,2463,2557
2559,2653,2558
2459,2553,2458
2556,2557,2651
2555,2650,2649
2460,2365,2366
2364,2458,2363
2270,2175,2176
2371,2372,2466
2279,2373,2278
2563,2469,2564
2182,2183,2277
2279,2280,2374
2849,2848,2754
2562,2657,2656
2181,2182,2276
2173,2172,2078
2273,2272,2178
2264,2170,2265
1989,2084,2083
2086,2087,2181
2089,2088,1994
2089,2183,2088
2082,2081,1987
1787,1882,1881
1977,1883,1978
2178,2084,2179
1992,1993,2087
1988,1987,1893
2266,2172,2267
2171,2076,2077
1973,2067,1972
2171,2172,2266
2161,2066,2067
2166,2167,2261
2071,2165,2070
2063,2062,1968
2253,2159,2254
2157,2062,2063
1873,1874,1968
1972,2067,2066
1970,1969,1875
1973,2068,2067
1972,1878,1973
1978,1979,2073
1889,1983,1888
1886,1981,1980
1881,1882,1976
1987,1988,2082
1973,1879,1974
1882,1883,1977
1687,1593,1688
1691,1692,1786
1687,1688,1782
1690,1785,1784
1872,1778,1873
1878,1879,1973
1591,1590,1496
1685,1684,1590
1594,1593,1499
1495,1401,1496
1596,1597,1691
1500,1501,1595
1693,1598,1599
1597,1502,1503
1696,1697,1791
1796,1701,1702
1509,1508,1414
1502,1596,1501
1796,1702,1797
1703,1797,1702
1893,1892,1798
1792,1697,1698
1887,1888,1982
1986,1987,2081
1900,1899,1805
1798,1797,1703
1896,1895,1801
1705,1800,1799
1800,1894,1799
1896,1801,1802
1895,1800,1801
1709,1614,1615
1517,1612,1611
1421,1422,1516
1517,1518,1612
1229,1230,1324
1422,1423,1517
1321,1322,1416
1329,1330,1424
1397,1396,1302
1507,1508,1602
1220,1125,1126
1323,1229,1324
1125,1124,1030
1134,1229,1228
1132,1133,1227
1326,1232,1327
1137,1042,1043
1234,1329,1328
1136,1137,1231
1138,1233,1232
949,1044,1043
1139,1233,1138
936,1030,935
1038,1133,1132
658,659,753
663,664,758
843,844,938
835,741,836
934,933,839
1037,1132,1131
1028,933,934
1036,1037,1131
1128,1034,1129
1131,1132,1226
1130,1131,1225
1132,1227,1226
1109,1203,1108
923,1018,1017
1122,1028,1123
930,1024,929
1032,1127,1126
1029,935,1030
919,920,1014
735,736,830
835,836,930
828,829,923
927,832,833
726,727,821
927,833,928
932,933,1027
1122,1027,1028
1023,928,929
1308,1307,1213
1303,1302,1208
1122,1121,1027
1010,1105,1104
1318,1223,1224
1218,1217,1123
1226,1320,1225
1125,1219,1124
1599,1598,1504
1498,1592,1497
1597,1596,1502
1497,1591,1496
1505,1411,1506
1500,1595,1594
1397,1398,1492
1497,1592,1591
1312,1407,1406
1307,1306,1212
1303,1398,1397
1203,1298,1297
1396,1397,1491
1204,1298,1203
1403,1402,1308
1400,1306,1401
1301,1300,1206
1301,1396,1395
1016,1110,1015
1108,1203,1202
1297,1202,1203
1201,1107,1202
1299,1298,1204
1202,1107,1108
1489,1488,1394
1392,1298,1393
1390,1296,1391
1185,1091,1186
1291,1292,1386
1389,1390,1484
1383,1384,1478
1480,1575,1574
1380,1285,1286
1282,1187,1188
1094,1188,1093
1189,1190,1284
1378,1284,1379
1284,1283,1189
1002,1096,1001
1093,1187,1092
1096,1190,1095
1191,1285,1190
1296,1295,1201
1193,1194,1288
1003,909,1004
810,905,904
1001,906,907
808,809,903
1094,1000,1095
1101,1007,1102
904,905,999
902,901,807
805,711,806
715,620,621
813,718,719
528,622,527
814,719,720
530,531,625
909,908,814
812,717,718
816,911,910
1016,1015,921
734,829,828
631,726,725
913,819,914
819,818,724
1005,911,1006
1106,1011,1012
1101,1006,1007
1004,909,910
1018,1112,1017
1112,1207,1206
1024,1119,1118
1208,1207,1113
1105,1010,1011
1109,1110,1204
1024,1025,1119
1023,1024,1118
926,925,831
825,824,730
737,738,832
639,640,734
644,643,549
639,638,544
549,548,454
443,538,537
548,547,453
348,442,347
449,448,354
350,255,256
547,546,452
451,546,545
543,542,448
535,629,534
643,642,548
547,642,641
823,822,728
821,820,726
725,819,724
722,628,723
817,722,723
721,626,627
721,815,720
525,526,620
341,247,342
338,432,337
246,247,341
535,534,440
619,618,524
522,521,427
633,632,538
537,442,443
633,539,634
733,732,638
349,443,348
345,440,439
248,154,249
140,46,141
242,243,337
440,346,441
241,336,335
240,241,335
150,245,244
240,239,145
156,61,62
153,248,247
156,251,250
157,63,158
159,160,254
259,165,260
161,255,160
253,347,252
258,164,259
258,353,352
357,356,262
161,256,255
168,263,262
260,354,259
163,164,258
354,353,259
356,355,261
355,354,260
171,266,265
76,170,75
265,264,170
173,268,267
179,178,84
270,176,271
272,366,271
455,360,361
359,358,264
360,359,265
265,359,264
454,359,360
453,452,358
646,645,551
643,548,549
741,740,646
644,549,550
647,646,552
645,644,550
751,846,845
648,742,647
558,652,557
552,551,457
367,461,366
556,555,461
457,363,458
362,268,363
553,552,458
456,361,362
367,368,462
660,659,565
567,662,661
562,467,468
566,661,660
560,559,465
665,759,664
653,652,558
950,1044,949
665,664,570
665,760,759
569,663,568
565,564,470
664,663,569
471,565,470
183,278,277
379,378,284
85,86,180
282,281,187
93,187,92
85,179,84
276,277,371
278,279,373
187,186,92
181,86,87
183,184,278
88,89,183
187,188,282
188,94,189
97,2,3
194,99,100
194,100,195
96,2,97
100,101,195
97,3,98
197,196,102
101,100,6
100,5,6
100,99,5
102,101,7
103,8,9
103,102,8
11,105,10
106,11,12
106,105,11
13,107,12
108,202,107
200,199,105
198,197,103
199,104,105
103,9,104
293,198,199
293,292,198
8,102,7
103,197,102
201,295,200
293,199,294
291,196,197
98,193,192
201,200,106
294,199,200
297,296,202
296,295,201
203,204,298
296,201,202
391,296,297
295,294,200
390,295,296
390,389,295
197,292,291
293,387,292
385,384,290
482,387,388
292,386,291
482,483,577
194,195,289
291,385,290
290,195,196
192,191,97
194,193,99
191,96,97
287,286,192
98,192,97
193,287,192
290,289,195
288,193,194
194,289,288
290,384,289
476,381,382
288,382,287
479,384,385
478,383,384
481,576,575
385,386,480
385,291,386
386,481,480
386,387,481
477,383,478
480,481,575
477,478,572
479,573,478
571,476,477
382,477,476
382,383,477
667,666,572
574,573,479
671,577,672
761,666,667
765,671,766
670,575,576
573,574,668
668,574,669
484,578,483
672,673,767
480,575,574
576,671,670
480,574,479
575,669,574
577,578,672
486,487,581
578,579,673
578,484,579
579,674,673
772,677,678
576,577,671
578,673,672
770,676,771
772,678,773
581,582,676
678,679,773
579,580,674
674,580,675
677,676,582
485,484,390
675,580,581
579,484,485
677,582,583
581,487,582
580,486,581
485,390,391
580,485,486
580,579,485
481,482,576
483,578,577
576,482,577
481,387,482
293,388,387
389,484,483
294,389,388
390,484,389
486,391,392
390,296,391
486,392,487
391,297,392
489,394,395
203,298,297
392,393,487
392,297,298
395,396,490
395,301,396
491,397,492
396,302,397
588,587,493
491,396,397
490,491,585
490,396,491
488,489,583
488,393,394
582,488,583
487,393,488
680,679,585
583,489,584
587,681,586
584,490,585
586,680,585
681,776,775
583,678,677
583,584,678
680,586,681
588,589,683
682,681,587
585,491,586
590,684,589
587,492,493
683,682,588
586,492,587
497,591,496
492,397,398
684,683,589
588,493,494
592,687,686
400,494,399
685,684,590
685,780,779
591,685,590
686,780,685
591,686,685
687,782,781
591,592,686
783,784,878
593,687,592
590,589,495
688,687,593
591,590,496
497,496,402
495,401,496
593,498,499
497,402,403
590,495,496
398,493,492
589,494,495
589,588,494
493,398,399
397,302,303
493,399,494
208,302,207
494,400,495
208,303,302
592,497,498
592,591,497
406,500,405
498,497,403
402,307,308
305,399,304
401,306,307
304,303,209
304,209,210
114,209,208
308,213,214
212,211,117
207,113,208
210,211,305
208,113,114
211,306,305
305,304,210
399,398,304
400,305,306
400,399,305
398,303,304
398,397,303
394,300,395
300,206,301
395,300,301
394,393,299
394,299,300
203,297,202
393,298,299
393,392,298
108,203,202
204,205,299
108,109,203
205,300,299
112,113,207
209,303,208
110,205,204
206,300,205
15,16,110
112,206,111
114,113,19
210,115,116
16,17,111
14,109,108
15,110,109
15,109,14
14,108,13
17,112,111
113,112,18
18,112,17
113,18,19
114,19,20
115,114,20
210,116,211
21,115,20
118,213,212
24,118,23
119,213,118
118,117,23
118,212,117
21,116,115
117,211,116
117,22,23
117,116,22
22,116,21
25,120,119
26,120,25
27,122,121
29,123,28
217,123,218
130,131,225
216,122,217
27,28,122
26,121,120
26,27,121
24,119,118
24,25,119
216,215,121
218,313,312
120,214,119
215,309,214
312,407,406
309,215,310
313,407,312
310,215,216
408,407,313
311,310,216
314,313,219
312,311,217
124,218,123
219,313,218
123,217,122
218,312,217
122,216,121
217,311,216
125,220,219
221,316,315
411,410,316
314,219,220
410,409,315
408,313,314
411,316,317
315,314,220
411,317,412
316,221,222
317,318,412
317,223,318
413,319,414
318,224,319
220,221,315
222,317,316
126,127,221
223,317,222
125,126,220
130,35,36
124,125,219
126,221,220
29,30,124
30,31,125
218,124,219
123,29,124
223,222,128
126,31,32
126,32,127
32,33,127
223,128,129
127,33,128
131,130,36
129,34,35
128,33,34
224,129,130
128,34,129
224,130,225
129,35,130
133,134,228
133,39,134
227,133,228
132,38,133
132,37,38
132,131,37
136,135,41
137,42,43
137,136,42
141,47,142
144,50,145
238,237,143
141,46,47
241,147,242
140,234,139
138,137,43
234,233,139
139,233,138
229,135,230
134,40,135
138,233,232
234,235,329
140,235,234
235,330,329
236,235,141
236,330,235
235,140,141
139,45,140
240,335,334
331,330,236
426,331,332
426,425,331
426,520,425
421,516,515
424,423,329
422,421,327
137,232,231
233,327,232
421,420,326
229,324,323
420,325,326
420,419,325
136,230,135
231,326,325
326,231,232
230,136,231
135,229,134
230,324,229
132,227,226
132,133,227
417,322,323
321,226,227
417,323,418
322,228,323
416,321,322
320,226,321
510,416,511
415,414,320
512,417,418
416,322,417
514,608,513
511,417,512
609,608,514
512,418,513
515,514,420
513,418,419
327,421,326
612,517,518
325,419,324
420,514,419
328,422,327
422,517,516
423,422,328
423,517,422
329,423,328
424,519,518
331,425,330
426,427,521
332,427,426
535,441,536
526,525,431
624,530,625
426,521,520
522,616,521
425,520,519
521,615,520
425,519,424
520,614,519
424,518,423
519,614,613
420,421,515
421,422,516
518,613,612
614,709,708
711,616,617
615,521,616
619,713,618
616,522,617
806,711,712
710,616,711
711,805,710
708,613,614
804,803,709
707,613,708
517,612,611
613,707,612
801,706,707
608,607,513
801,800,706
701,606,607
706,611,612
706,705,611
611,610,516
609,514,515
610,704,609
702,701,607
515,610,609
611,705,610
796,701,702
700,699,605
703,702,608
703,797,702
609,704,703
705,706,800
792,697,698
696,601,602
794,699,700
698,604,699
791,790,696
694,599,600
789,694,695
689,688,594
504,599,598
600,695,694
505,600,599
601,695,600
509,603,508
604,698,603
796,795,701
699,604,605
700,605,606
604,603,509
605,510,511
508,507,413
510,415,416
414,319,320
510,509,415
413,318,319
508,413,414
412,318,413
412,506,411
409,314,315
601,506,507
505,410,411
415,509,414
510,604,509
410,505,504
506,600,505
500,501,595
498,403,404
598,597,503
501,407,502
408,409,503
505,599,504
504,409,410
408,314,409
501,500,406
404,309,310
499,404,405
403,309,404
312,406,311
407,501,406
593,499,594
498,404,499
499,500,594
499,405,500
688,593,594
592,498,593
502,596,501
596,691,690
501,596,595
597,692,691
502,503,597
599,694,693
788,693,694
692,598,693
787,692,693
691,596,597
502,597,596
598,692,597
596,690,595
881,786,787
595,689,594
690,691,785
877,783,878
689,690,784
690,785,784
881,787,882
691,786,785
691,692,786
790,789,695
790,791,885
788,883,882
889,795,890
976,881,882
880,785,786
975,880,881
879,784,785
975,974,880
878,784,879
1073,1072,978
975,881,976
879,974,973
975,1070,1069
1066,972,1067
1165,1070,1071
973,1068,1067
973,974,1068
1071,1072,1166
981,982,1076
1071,977,1072
1172,1077,1078
1074,1073,979
977,882,883
1072,977,978
976,882,977
981,980,886
883,789,884
981,886,887
885,884,790
885,980,979
981,1075,980
885,979,884
980,1074,979
980,1075,1074
1175,1080,1081
1171,1077,1172
1078,983,984
981,887,982
983,889,984
1080,1079,985
888,982,887
793,887,792
886,792,887
891,986,985
888,794,889
797,891,796
889,794,795
983,888,889
983,982,888
789,790,884
886,980,885
696,790,695
791,886,885
792,791,697
695,601,696
697,791,696
792,886,791
699,793,698
794,888,793
890,795,796
794,700,795
609,703,608
704,705,799
704,799,798
801,802,896
798,892,797
985,984,890
796,891,890
892,987,986
801,895,800
895,990,989
800,799,705
799,893,798
703,798,797
799,894,893
896,895,801
894,799,800
898,804,899
803,708,709
899,805,900
804,710,805
810,809,715
711,617,712
811,906,905
806,712,807
997,902,903
900,805,806
804,805,899
901,995,900
803,804,898
900,994,899
802,803,897
802,707,708
896,802,897
801,707,802
991,896,897
991,990,896
803,898,897
899,993,898
1092,1091,997
994,900,995
806,901,900
902,997,996
1093,1092,998
996,901,902
998,1092,997
1093,1188,1187
996,1091,1090
1092,1187,1186
1091,996,997
995,901,996
1182,1181,1087
1085,991,1086
1180,1085,1086
1084,990,1085
894,895,989
991,1085,990
1083,989,1084
990,1084,989
800,895,894
896,990,895
798,893,892
894,989,988
893,987,892
988,1082,987
892,986,891
987,1082,1081
893,988,987
893,894,988
891,985,890
986,1081,1080
987,1081,986
1082,1176,1081
986,1080,985
1081,1176,1175
1179,1273,1178
1176,1082,1177
1176,1271,1270
1272,1366,1271
1273,1274,1368
1272,1177,1178
1085,1179,1084
1180,1274,1179
1179,1178,1084
1179,1274,1273
1178,1083,1084
1082,988,1083
992,1087,1086
1183,1089,1184
993,1088,1087
993,994,1088
996,1090,995
1091,1092,1186
1281,1186,1187
1281,1280,1186
1376,1282,1377
1281,1187,1282
1277,1183,1278
1281,1375,1280
1279,1185,1280
1184,1090,1185
1185,1279,1184
1182,1088,1183
1181,1276,1275
1277,1372,1371
1182,1183,1277
1279,1280,1374
1468,1373,1374
1372,1278,1373
1278,1279,1373
1278,1184,1279
1376,1377,1471
1376,1281,1282
1470,1376,1471
1375,1281,1376
1375,1470,1469
1375,1376,1470
1468,1374,1469
1373,1279,1374
1564,1563,1469
1467,1373,1468
1463,1369,1464
1368,1274,1369
1369,1370,1464
1369,1275,1370
1466,1371,1372
1370,1276,1371
1182,1277,1276
1278,1372,1277
1367,1273,1368
1272,1178,1273
1461,1367,1462
1366,1272,1367
1364,1365,1459
1174,1268,1173
1556,1461,1462
1460,1365,1366
1558,1463,1464
1462,1368,1463
1460,1459,1365
1457,1362,1363
1458,1363,1364
1362,1268,1363
1554,1553,1459
1457,1363,1458
1550,1455,1456
1456,1362,1457
1454,1359,1360
1358,1263,1264
1454,1360,1455
1359,1264,1265
1360,1361,1455
1360,1266,1361
1458,1364,1459
1363,1268,1269
1364,1270,1365
1269,1268,1174
1364,1269,1270
1364,1363,1269
1270,1269,1175
1173,1079,1174
1270,1175,1176
1174,1080,1175
981,1076,1075
1172,1078,1173
982,1077,1076
982,983,1077
1173,1078,1079
1077,983,1078
1356,1261,1262
1265,1360,1359
1170,1265,1264
1266,1360,1265
1169,1168,1074
1169,1264,1263
1165,1166,1260
1164,1163,1069
1075,1169,1074
1170,1264,1169
979,1073,978
1074,1168,1073
974,1069,1068
974,975,1069
976,1071,1070
976,977,1071
1162,1161,1067
1065,1159,1064
1252,1251,1157
1164,1259,1258
1164,1165,1259
1164,1070,1165
1165,1260,1259
1166,1167,1261
1357,1356,1262
1260,1166,1261
1357,1262,1263
1261,1167,1262
1168,1263,1262
1168,1169,1263
1546,1545,1451
1358,1359,1453
1452,1358,1453
1357,1263,1358
1358,1452,1357
1355,1260,1261
1450,1355,1356
1354,1260,1355
1354,1449,1448
1356,1357,1451
1541,1540,1446
1444,1350,1445
1442,1443,1537
1442,1347,1348
1257,1258,1352
1259,1354,1353
1346,1251,1252
1255,1350,1349
1444,1443,1349
1347,1346,1252
1443,1442,1348
1346,1345,1251
1444,1349,1350
1348,1254,1349
1535,1441,1536
1441,1347,1442
1439,1345,1440
1336,1241,1242
1533,1439,1534
1345,1346,1440
1343,1344,1438
1335,1241,1336
1437,1438,1532
1439,1440,1534
1248,1249,1343
1344,1250,1345
1435,1434,1340
1335,1336,1430
1243,1242,1148
1347,1252,1253
1250,1251,1345
1347,1253,1348
1250,1156,1251
1251,1156,1157
1155,1250,1249
1155,1156,1250
1248,1154,1249
1157,1063,1158
1153,1248,1247
1153,1154,1248
1152,1153,1247
1152,1057,1058
1150,1244,1149
1151,1057,1152
1059,1060,1154
1153,1059,1154
1154,1060,1155
962,961,867
1253,1252,1158
1155,1060,1061
1160,1254,1159
967,1062,1061
1257,1256,1162
1158,1064,1159
1252,1157,1158
1061,1060,966
1159,1253,1158
1254,1348,1253
1164,1258,1163
1259,1353,1258
1161,1256,1255
1257,1351,1256
1163,1162,1068
1163,1257,1162
1066,1161,1160
1162,1256,1161
1065,1160,1159
1161,1255,1160
1065,970,971
1068,1162,1067
1064,970,1065
1067,1161,1066
969,970,1064
1066,1160,1065
1158,1063,1064
967,1061,966
871,872,966
969,1063,968
877,972,971
971,972,1066
875,876,970
972,973,1067
876,877,971
878,973,972
780,781,875
878,972,877
876,782,877
687,688,782
688,783,782
688,689,783
686,781,780
686,687,781
778,779,873
778,777,683
871,776,777
777,776,682
778,873,872
874,969,968
779,874,873
875,969,874
970,876,971
875,781,876
869,775,870
967,968,1062
870,776,871
775,680,681
871,777,872
776,681,682
588,682,587
683,777,682
869,774,775
773,679,774
867,772,773
771,677,772
870,775,776
774,680,775
964,869,870
868,773,774
963,868,869
867,773,868
1059,1058,964
962,867,868
1059,964,965
963,869,964
1059,965,1060
964,870,965
965,966,1060
965,871,966
1157,1062,1063
1157,1156,1062
872,967,966
872,873,967
1156,1061,1062
1156,1155,1061
1058,1059,1153
1058,963,964
1152,1058,1153
1057,963,1058
1151,1056,1057
1055,961,1056
1150,1055,1056
1054,959,960
1148,1053,1054
957,1051,956
1147,1052,1053
952,951,857
1147,1146,1052
953,954,1048
957,956,862
1048,954,1049
959,958,864
959,1053,958
960,959,865
1054,1053,959
1057,962,963
1057,1056,962
1055,960,961
1055,1054,960
961,866,867
865,771,866
865,770,771
769,674,675
864,769,770
768,673,674
864,863,769
767,673,768
958,863,864
862,768,863
863,957,862
958,1052,957
955,861,956
766,767,861
955,860,861
766,861,860
763,764,858
858,764,859
764,765,859
764,670,765
765,670,671
669,575,670
668,762,667
763,858,857
669,764,763
669,670,764
951,856,857
763,857,762
858,953,952
859,953,858
1049,955,1050
858,952,857
1049,954,955
859,954,953
859,860,954
1051,1050,956
954,860,955
1145,1050,1051
953,1048,1047
1145,1144,1050
1047,1046,952
1144,1143,1049
1142,1141,1047
1141,1046,1047
953,1047,952
1048,1142,1047
1048,1143,1142
1048,1049,1143
1236,1141,1142
1050,1144,1049
1145,1239,1144
1334,1239,1240
1146,1240,1145
1336,1242,1337
1338,1432,1337
1239,1334,1333
1146,1147,1241
1054,1055,1149
1051,1146,1145
1051,1052,1146
1242,1241,1147
1147,1053,1148
1151,1245,1150
1148,1054,1149
1246,1245,1151
1149,1055,1150
1247,1246,1152
1150,1056,1151
1150,1245,1244
1436,1342,1437
1152,1246,1151
1342,1343,1437
1149,1244,1243
1245,1339,1244
1149,1243,1148
1244,1339,1338
1148,1242,1147
1243,1337,1242
1333,1238,1239
1434,1339,1340
1246,1340,1245
1340,1341,1435
1245,1340,1339
1246,1247,1341
1435,1341,1436
1340,1246,1341
1341,1342,1436
1343,1438,1437
1247,1342,1341
1247,1248,1342
1530,1435,1436
1432,1431,1337
1530,1529,1435
1431,1336,1337
1244,1338,1243
1339,1433,1338
1431,1430,1336
1238,1332,1237
1524,1429,1430
1332,1331,1237
1430,1429,1335
1428,1427,1333
1240,1335,1334
1240,1241,1335
1427,1426,1332
1237,1331,1236
1332,1333,1427
1429,1428,1334
1332,1238,1333
1523,1522,1428
1332,1426,1331
1427,1428,1522
1334,1428,1333
1429,1523,1428
1429,1524,1523
1624,1530,1625
1620,1525,1526
1524,1430,1525
1430,1431,1525
1529,1530,1624
1524,1619,1618
1715,1621,1716
1616,1617,1711
1715,1714,1620
1427,1522,1521
1523,1617,1522
1427,1521,1426
1522,1617,1616
1521,1522,1616
1523,1618,1617
1523,1524,1618
1808,1807,1713
1711,1617,1712
1809,1808,1714
1712,1618,1713
1810,1809,1715
1906,1812,1907
1816,1911,1910
1812,1813,1907
1810,1715,1716
1714,1619,1620
1622,1717,1716
1619,1525,1620
1809,1714,1715
1713,1619,1714
1718,1717,1623
1620,1526,1621
1718,1623,1624
1622,1621,1527
1717,1622,1623
1621,1526,1527
1720,1719,1625
1623,1529,1624
1820,1915,1914
1812,1717,1718
1625,1626,1720
1720,1626,1721
1624,1719,1718
1624,1625,1719
1628,1722,1627
1625,1530,1531
1531,1532,1626
1540,1445,1446
1724,1723,1629
1626,1532,1627
1436,1531,1530
1436,1437,1531
1622,1528,1623
1528,1433,1434
1526,1431,1432
1526,1525,1431
1432,1527,1526
1432,1433,1527
1529,1528,1434
1432,1338,1433
1623,1528,1529
1527,1433,1528
1529,1434,1435
1433,1339,1434
1344,1439,1438
1344,1345,1439
1630,1629,1535
1533,1438,1439
1629,1628,1534
1532,1438,1533
1725,1724,1630
1628,1533,1534
1631,1536,1537
1535,1440,1441
1730,1729,1635
1536,1442,1537
1631,1630,1536
1534,1440,1535
1536,1441,1442
1440,1346,1441
1349,1443,1348
1444,1538,1443
1542,1637,1636
1537,1443,1538
1541,1446,1447
1445,1351,1446
1539,1633,1538
1540,1539,1445
1543,1542,1448
1735,1641,1736
1545,1640,1639
1640,1735,1734
1636,1635,1541
1539,1444,1445
1634,1633,1539
1538,1444,1539
1632,1633,1727
1539,1540,1634
1635,1634,1540
1635,1636,1730
1541,1635,1540
1732,1638,1733
1637,1731,1636
1815,1814,1720
1542,1636,1541
1637,1732,1731
1826,1825,1731
1731,1730,1636
1733,1828,1827
1732,1826,1731
1731,1825,1730
1921,1827,1922
1825,1824,1730
1730,1824,1729
1823,1824,1918
1825,1920,1919
1820,1726,1821
1823,1918,1917
1728,1727,1633
1726,1725,1631
1824,1823,1729
1822,1727,1728
1537,1632,1631
1537,1538,1632
1536,1630,1535
1631,1725,1630
1723,1628,1629
1627,1533,1628
1822,1821,1727
1820,1819,1725
1724,1819,1818
1821,1916,1915
1723,1818,1817
2009,1915,2010
1722,1817,1816
1818,1819,1913
2008,1913,1914
1912,1817,1818
1819,1914,1913
1819,1820,1914
2009,2008,1914
2012,2107,2106
1917,1916,1822
1917,1918,2012
1823,1917,1822
2014,1919,1920
1727,1821,1726
1822,1916,1821
1726,1820,1725
1821,1915,1820
1728,1823,1822
1728,1729,1823
1921,1920,1826
1919,1824,1825
1736,1831,1830
1827,1828,1922
1732,1827,1826
1924,1830,1925
2018,2017,1923
1923,2017,1922
2115,2114,2020
2108,2107,2013
1827,1921,1826
1922,2017,2016
1918,1919,2013
2017,2111,2016
2015,2014,1920
1918,1824,1919
1918,2013,2012
2014,2108,2013
2016,2110,2015
2013,1919,2014
1921,2015,1920
2016,2111,2110
2018,2113,2112
2113,2207,2112
2302,2207,2208
2109,2108,2014
2206,2205,2111
2203,2202,2108
2205,2204,2110
2204,2203,2109
2110,2204,2109
2207,2302,2301
2202,2107,2108
2199,2198,2104
2104,2105,2199
2107,2202,2201
1917,2012,2011
2013,2107,2012
1916,2011,2010
2012,2106,2011
1916,2010,1915
2011,2106,2105
1915,2009,1914
2201,2106,2107
2103,2104,2198
2009,2010,2104
2010,2105,2104
2010,2011,2105
2008,2103,2102
2008,2009,2103
2195,2100,2101
2099,2004,2005
2003,2004,2098
2100,2006,2101
2098,2004,2099
2003,1909,2004
2096,2002,2097
2099,2193,2098
2097,2002,2003
1811,1905,1810
2097,2003,2098
2002,1907,1908
2100,2005,2006
2004,1909,1910
2004,1910,2005
2005,1911,2006
2007,2006,1912
1910,1909,1815
2005,1910,1911
1909,1814,1815
2007,1912,1913
1911,1817,1912
1722,1816,1721
1817,1911,1816
1814,1908,1813
1811,1716,1717
1719,1813,1718
1814,1909,1908
1721,1815,1720
1816,1910,1815
1908,1907,1813
2002,2001,1907
2003,1908,1909
2003,2002,1908
1905,1999,1904
2000,2001,2095
2001,1906,1907
1906,2000,1905
1810,1905,1904
1906,2001,2000
1906,1811,1812
1810,1716,1811
1901,1806,1807
1807,1902,1901
2188,2093,2094
1996,1901,1902
1809,1903,1808
1904,1999,1998
1902,1997,1996
1998,2093,2092
1998,2092,1997
1903,1998,1997
1999,2093,1998
2095,2094,2000
2189,2188,2094
1905,2000,1999
2001,2096,2095
2100,2194,2099
2193,2194,2288
2097,2191,2096
2380,2285,2286
2191,2190,2096
2189,2094,2095
2187,2186,2092
1997,2091,1996
2092,2093,2187
2092,2186,2091
2190,2284,2189
2188,2283,2282
2187,2281,2186
2568,2474,2569
2187,2282,2281
2378,2284,2379
2187,2188,2282
2287,2192,2193
2189,2284,2283
2384,2289,2290
2283,2188,2189
2187,2093,2188
2096,2190,2095
2191,2286,2285
2287,2288,2382
2287,2193,2288
2289,2288,2194
2192,2098,2193
2290,2289,2195
2193,2099,2194
2197,2291,2196
2194,2100,2195
2286,2287,2381
2286,2192,2287
2195,2289,2194
2386,2292,2387
2383,2477,2382
2379,2284,2285
2380,2286,2381
2191,2192,2286
2190,2285,2284
2190,2191,2285
2384,2478,2383
2381,2287,2382
2479,2478,2384
2382,2288,2383
2479,2384,2385
2383,2289,2384
2479,2385,2480
2384,2290,2385
2385,2386,2480
2388,2389,2483
2574,2479,2480
2478,2477,2383
2573,2478,2479
2477,2476,2382
2572,2477,2478
2476,2381,2382
2572,2571,2477
2475,2381,2476
2569,2474,2475
2474,2380,2475
2379,2285,2380
2282,2283,2377
2379,2474,2473
2281,2282,2376
2472,2377,2378
2376,2282,2377
2377,2472,2471
2377,2471,2376
2472,2473,2567
2568,2473,2474
2472,2378,2473
2472,2566,2471
2663,2568,2569
2569,2664,2663
2566,2472,2567
2570,2664,2569
2567,2473,2568
2477,2571,2476
2571,2666,2665
2760,2759,2665
2568,2662,2567
2758,2663,2664
2662,2661,2567
2758,2757,2663
2661,2566,2567
2756,2661,2662
2852,2851,2757
2758,2852,2757
2853,2852,2758
2759,2853,2758
2759,2854,2853
2857,2856,2762
2856,2855,2761
2759,2664,2665
2854,2759,2760
2758,2664,2759
2856,2761,2762
2760,2665,2666
2857,2762,2763
2761,2667,2762
2858,2857,2763
2762,2667,2668
2765,2860,2859
2764,2858,2763
2861,2860,2766
2764,2859,2858
2860,2765,2766
2764,2763,2669
2859,2764,2765
2763,2762,2668
2582,2677,2676
2768,2674,2769
2668,2574,2669
2671,2765,2670
2573,2574,2668
2670,2764,2669
2573,2668,2667
2669,2763,2668
2570,2571,2665
2572,2667,2666
2478,2573,2572
2669,2575,2670
2476,2571,2570
2572,2666,2571
2479,2574,2573
2575,2576,2670
2480,2575,2574
2576,2671,2670
2481,2576,2575
2672,2673,2767
2674,2673,2579
2866,2865,2771
2482,2483,2577
2579,2673,2578
2483,2484,2578
2580,2675,2674
2485,2580,2579
2581,2676,2675
2680,2586,2681
2682,2777,2776
2581,2675,2580
2866,2771,2772
2580,2674,2579
2675,2769,2674
2576,2577,2671
2578,2673,2672
2672,2767,2766
2770,2676,2771
2768,2769,2863
2867,2773,2868
2673,2768,2767
2673,2674,2768
2767,2861,2766
2865,2864,2770
2863,2769,2864
2864,2769,2770
2770,2771,2865
2773,2774,2868
2675,2770,2769
2675,2676,2770
2772,2773,2867
2772,2678,2773
2870,2775,2776
2679,2773,2678
2676,2677,2771
2771,2677,2772
2869,2775,2870
2680,2775,2774
2871,2777,2872
2776,2775,2681
2871,2776,2777
2871,2870,2776
2589,2684,2683
2683,2684,2778
2679,2585,2680
2682,2776,2681
2584,2585,2679
2681,2775,2680
2584,2678,2583
2679,2774,2773
2678,2677,2583
2678,2772,2677
2584,2679,2678
2680,2774,2679
2489,2584,2583
2585,2586,2680
2489,2490,2584
2586,2587,2681
2491,2492,2586
2587,2682,2681
2585,2491,2586
2588,2682,2587
2397,2492,2491
2493,2588,2587
2490,2491,2585
2490,2395,2396
2301,2396,2395
2397,2491,2396
2393,2298,2299
2302,2396,2301
2299,2300,2394
2396,2491,2490
2392,2298,2393
2395,2489,2394
2391,2392,2486
2488,2583,2582
2584,2490,2585
2489,2395,2490
2487,2582,2581
2583,2677,2582
2577,2483,2578
2482,2388,2483
2481,2482,2576
2578,2672,2577
2576,2482,2577
2481,2480,2386
2481,2386,2387
2385,2290,2291
2481,2387,2482
2386,2385,2291
2578,2484,2579
2483,2389,2484
2389,2294,2295
2392,2487,2486
2391,2486,2485
2487,2581,2486
2295,2294,2200
2391,2296,2297
2199,2293,2198
2294,2388,2293
2293,2292,2198
2293,2387,2292
2196,2291,2290
2292,2386,2291
2197,2196,2102
2197,2292,2291
2103,2197,2102
2198,2292,2197
2106,2200,2105
2200,2294,2199
2295,2200,2201
2199,2105,2200
2296,2295,2201
2391,2297,2392
2296,2201,2202
2200,2106,2201
2203,2298,2297
2297,2298,2392
2202,2297,2296
2393,2299,2394
2202,2203,2297
2394,2300,2395
2204,2299,2298
2300,2301,2395
2204,2205,2299
2299,2205,2300
2111,2205,2110
2206,2301,2300
2109,2203,2108
2204,2298,2203
2112,2206,2111
2207,2301,2206
2211,2210,2116
2212,2307,2306
2210,2209,2115
2210,2305,2304
2210,2304,2209
2305,2399,2304
2209,2303,2208
2304,2399,2398
2215,2216,2310
2310,2311,2405
2120,2215,2214
2213,2307,2212
2117,2211,2116
2212,2306,2211
2118,2119,2213
2312,2311,2217
2308,2214,2309
2119,2118,2024
2121,2122,2216
2312,2217,2218
2120,2121,2215
2122,2217,2216
2219,2314,2313
2219,2220,2314
2407,2312,2313
2311,2310,2216
2407,2406,2312
2310,2309,2215
2312,2406,2311
2309,2214,2215
2405,2404,2310
2308,2213,2214
2403,2308,2309
2307,2213,2308
2309,2310,2404
2406,2501,2500
2311,2406,2405
2407,2502,2501
2408,2502,2407
2691,2692,2786
2504,2409,2410
2408,2314,2409
2594,2593,2499
2503,2408,2409
2592,2591,2497
2502,2408,2503
2407,2501,2406
2691,2597,2692
2406,2500,2405
2501,2595,2500
2589,2495,2590
2503,2504,2598
2403,2498,2497
2403,2404,2498
2496,2402,2497
2401,2307,2402
2309,2404,2403
2405,2499,2404
2303,2398,2397
2399,2494,2493
2305,2400,2399
2401,2495,2400
2398,2493,2492
2494,2588,2493
2496,2495,2401
2496,2591,2590
2402,2496,2401
2497,2591,2496
2591,2685,2590
2683,2682,2588
2592,2687,2686
2783,2689,2784
2593,2592,2498
2692,2598,2693
2505,2600,2599
2693,2599,2694
2785,2784,2690
2687,2593,2688
2590,2685,2684
2686,2781,2780
2590,2684,2589
2685,2779,2684
2589,2683,2588
2684,2779,2778
2777,2778,2872
2777,2683,2778
2872,2778,2873
2873,2779,2874
2874,2779,2780
2781,2782,2876
2782,2783,2877
2877,2783,2878
2782,2687,2688
2876,2782,2877
2781,2687,2782
2875,2780,2781
2875,2874,2780
2783,2784,2878
2783,2688,2689
2785,2786,2880
2785,2690,2691
2784,2879,2878
2784,2785,2879
2880,2786,2881
2881,2786,2787
2788,2789,2883
2883,2789,2884
2788,2694,2789
2882,2787,2788
2882,2881,2787
2600,2695,2694
2696,2791,2790
2599,2598,2504
2600,2601,2695
2689,2594,2595
2690,2596,2691
2784,2689,2690
2688,2593,2594
2595,2594,2500
2595,2596,2690
2502,2596,2501
2596,2597,2691
2501,2596,2595
2597,2598,2692
2502,2597,2596
2502,2503,2597
2507,2602,2601
2696,2697,2791
2505,2599,2504
2600,2694,2599
2506,2601,2600
2602,2603,2697
2603,2602,2508
2793,2699,2794
2510,2604,2509
2604,2699,2698
2510,2605,2604
2606,2700,2605
2797,2796,2702
2699,2605,2700
2796,2890,2795
2793,2698,2699
2603,2698,2697
2603,2604,2698
2601,2696,2695
2601,2602,2696
2889,2888,2794
2792,2698,2793
2792,2793,2887
2886,2792,2887
2790,2885,2884
2790,2791,2885
2888,2793,2794
2889,2794,2795
2887,2793,2888
2891,2890,2796
2794,2700,2795
2891,2796,2797
2795,2700,2701
2799,2798,2704
2796,2795,2701
2892,2797,2798
2891,2797,2892
2798,2797,2703
2801,2802,2896
2895,2800,2801
2799,2704,2705
2894,2799,2800
2894,2893,2799
2896,2802,2897
2801,2706,2707
2895,2801,2896
2800,2706,2801
2893,2798,2799
2893,2892,2798
2798,2703,2704
2702,2701,2607
2797,2702,2703
2701,2606,2607
2796,2701,2702
2700,2606,2701
2703,2608,2609
2512,2511,2417
2800,2705,2706
2609,2608,2514
2611,2612,2706
2706,2612,2707
2612,2613,2707
2518,2519,2613
2517,2612,2611
2517,2518,2612
2705,2610,2611
2419,2513,2418
2514,2420,2515
2515,2420,2421
2610,2515,2516
2418,2512,2417
2512,2418,2513
2417,2323,2418
2514,2513,2419
2608,2607,2513
2610,2609,2515
2608,2513,2514
2704,2609,2610
2704,2703,2609
2509,2604,2603
2605,2699,2604
2506,2412,2507
2509,2603,2508
2411,2412,2506
2508,2602,2507
2411,2506,2505
2507,2601,2506
2317,2412,2411
2414,2509,2508
2413,2319,2414
2416,2511,2510
2415,2510,2509
2511,2605,2510
2414,2320,2415
2417,2511,2416
2607,2512,2513
2607,2606,2512
2413,2414,2508
2413,2412,2318
2318,2319,2413
2415,2321,2416
2507,2413,2508
2412,2317,2318
2316,2222,2317
2317,2222,2223
2127,2222,2221
2130,2131,2225
2318,2223,2224
2222,2127,2128
2318,2224,2319
2034,2128,2033
2224,2225,2319
2322,2323,2417
2319,2225,2320
2224,2130,2225
2325,2230,2231
2324,2229,2230
2321,2322,2416
2321,2227,2322
2226,2321,2320
2226,2227,2321
2326,2325,2231
2327,2328,2422
2516,2421,2422
2516,2515,2421
2232,2327,2326
2328,2329,2423
2232,2326,2231
2327,2421,2326
2327,2232,2233
2136,2135,2041
2139,2233,2138
2329,2330,2424
2132,2037,2038
2135,2229,2134
2041,2042,2136
2138,2233,2232
2132,2133,2227
2132,2131,2037
2133,2228,2227
2229,2323,2228
1944,2038,1943
2038,2039,2133
2133,2039,2134
2041,2135,2040
2231,2136,2137
2231,2230,2136
1954,1955,2049
2041,1947,2042
1850,1851,1945
1947,2041,1946
2039,1945,2040
1946,2040,1945
1850,1756,1851
1853,1947,1852
1944,1850,1945
1849,1755,1850
1750,1751,1845
1848,1943,1942
2031,1937,2032
1748,1843,1842
1849,1944,1943
1849,1850,1944
1943,2038,2037
2039,2040,2134
1944,2039,2038
1944,1945,2039
2035,2034,1940
1745,1746,1840
2032,1937,1938
1936,1841,1842
2036,1941,1942
1940,1939,1845
1845,1844,1750
1843,1937,1842
1748,1842,1747
1937,1936,1842
1839,1840,1934
1744,1838,1743
2031,1936,1937
1935,1840,1841
2031,2030,1936
1934,1840,1935
1939,1938,1844
1939,2033,1938
1938,2033,2032
2130,2036,2131
1939,2034,2033
1939,1940,2034
2036,2035,1941
1939,1844,1845
2223,2129,2224
2129,2128,2034
1941,2035,1940
2036,2130,2035
2224,2129,2130
2128,2127,2033
2223,2128,2129
2223,2222,2128
2031,2126,2125
2127,2221,2126
2119,2025,2120
2123,2217,2122
2122,2028,2123
2125,2219,2124
2125,2124,2030
2027,1933,2028
1936,2030,1935
2031,2125,2030
2027,2121,2026
2023,1929,2024
2213,2119,2214
2119,2024,2025
2214,2119,2120
2213,2212,2118
2215,2121,2216
2120,2026,2121
2117,2118,2212
2022,2116,2021
2211,2117,2212
2116,2115,2021
2209,2114,2115
2209,2208,2114
2017,2018,2112
2114,2208,2113
1924,2018,1923
2019,2114,2113
1924,2019,2018
2020,2114,2019
2117,2116,2022
2020,2019,1925
2118,2023,2024
2022,1927,1928
2117,2022,2023
2021,1927,2022
2023,2022,1928
1926,1832,1927
2021,1926,1927
1829,1828,1734
2020,1925,1926
1924,1923,1829
2019,1924,1925
1733,1827,1732
1735,1829,1734
1830,1924,1829
1923,1828,1829
1923,1922,1828
1735,1830,1829
1831,1925,1830
1926,1831,1832
1926,1925,1831
1834,1833,1739
1928,1927,1833
1929,1834,1835
1929,1928,1834
2027,2026,1932
1929,1835,1930
1834,1928,1833
1929,2023,1928
1930,2025,2024
1930,1931,2025
1935,2029,1934
2030,2124,2029
2122,2027,2028
2026,2025,1931
2027,1932,1933
1931,1837,1932
1932,1838,1933
1836,1835,1741
2026,1931,1932
1930,1835,1836
1838,1837,1743
1741,1646,1647
1745,1839,1744
1742,1648,1743
1840,1839,1745
1743,1649,1744
1553,1648,1647
1649,1743,1648
1552,1647,1646
1648,1742,1647
1837,1836,1742
1740,1739,1645
1835,1740,1741
1835,1834,1740
1742,1836,1741
1837,1931,1836
1642,1737,1736
1738,1833,1832
1640,1641,1735
1737,1831,1736
1733,1639,1734
1736,1830,1735
1637,1638,1732
1734,1828,1733
1639,1640,1734
1641,1642,1736
1638,1639,1733
1638,1543,1544
1548,1643,1642
1644,1739,1738
1548,1549,1643
1645,1739,1644
1643,1738,1737
1739,1833,1738
1546,1641,1640
1547,1642,1641
1450,1451,1545
1547,1641,1546
1450,1545,1544
1546,1640,1545
1542,1543,1637
1637,1543,1638
1544,1543,1449
1544,1639,1638
1450,1544,1449
1545,1639,1544
1355,1450,1449
1451,1452,1546
1356,1451,1450
1452,1547,1546
1357,1452,1451
1453,1547,1452
1453,1454,1548
1453,1359,1454
1550,1644,1549
1547,1453,1548
1645,1644,1550
1548,1454,1549
1649,1648,1554
1552,1457,1458
1647,1552,1553
1551,1457,1552
1645,1550,1551
1549,1455,1550
1460,1554,1459
1555,1649,1554
1550,1456,1551
1455,1361,1456
1555,1460,1461
1555,1554,1460
1461,1556,1555
1557,1558,1652
1462,1557,1556
1462,1463,1557
1559,1465,1560
1464,1370,1465
1655,1560,1561
1658,1564,1659
1464,1559,1558
1464,1465,1559
1749,1654,1655
1653,1559,1654
1557,1652,1651
1748,1654,1749
1555,1650,1649
1555,1556,1650
1841,1840,1746
1744,1650,1745
1841,1746,1747
1745,1651,1746
1841,1747,1842
1746,1652,1747
1938,1843,1844
1938,1937,1843
1846,1845,1751
1846,1940,1845
1844,1749,1750
1748,1653,1654
1558,1653,1652
1558,1559,1653
1843,1748,1749
1747,1653,1748
1658,1659,1753
1660,1566,1661
1751,1657,1752
1754,1755,1849
1659,1754,1753
1659,1660,1754
1941,1846,1847
1941,1940,1846
1754,1660,1755
1757,1758,1852
1755,1661,1756
1758,1853,1852
1660,1661,1755
1567,1568,1662
1565,1660,1659
1565,1566,1660
1567,1662,1661
1759,1665,1760
1656,1562,1657
1562,1468,1563
1657,1658,1752
1563,1564,1658
1561,1562,1656
1563,1658,1657
1750,1655,1656
1654,1560,1655
1465,1466,1560
1562,1563,1657
1560,1466,1561
1465,1371,1466
1467,1562,1561
1467,1468,1562
1379,1474,1473
1473,1567,1472
1661,1566,1567
1565,1471,1566
1476,1570,1475
1378,1473,1472
1569,1570,1664
1574,1479,1480
1476,1477,1571
1476,1382,1477
1478,1573,1572
1670,1671,1765
1572,1571,1477
1572,1666,1571
1478,1572,1477
1573,1667,1572
1759,1664,1665
1663,1569,1664
1474,1569,1568
1475,1570,1569
1568,1663,1662
1568,1569,1663
1663,1758,1757
1759,1853,1758
1664,1759,1758
1760,1854,1759
1950,1949,1855
1853,1759,1854
1952,1951,1857
1854,1760,1855
1952,1857,1858
1761,1760,1666
1666,1667,1761
1763,1857,1762
1857,1856,1762
1855,1760,1761
1572,1667,1666
1668,1574,1669
1574,1668,1573
1667,1573,1668
1858,1764,1859
1763,1668,1669
1956,1955,1861
1859,1764,1765
1956,1861,1862
1860,1766,1861
1959,1958,1864
1862,1767,1768
1957,1862,1863
1861,1767,1862
1863,1768,1769
1767,1766,1672
1864,1769,1770
1768,1674,1769
1672,1673,1767
1672,1671,1577
1670,1576,1671
1671,1576,1577
1575,1670,1669
1575,1576,1670
1764,1669,1670
1764,1763,1669
1669,1574,1575
1573,1479,1574
1578,1579,1673
1575,1481,1576
1483,1577,1482
1576,1482,1577
1483,1578,1577
1579,1674,1673
1580,1579,1485
1580,1581,1675
1388,1389,1483
1486,1580,1485
1581,1580,1486
1581,1676,1675
1488,1583,1582
1582,1676,1581
1580,1675,1674
1676,1771,1770
1583,1584,1678
1774,1680,1775
1680,1679,1585
1583,1677,1582
1676,1582,1677
1581,1487,1582
1677,1583,1678
1582,1487,1488
1396,1491,1490
1492,1493,1587
1397,1492,1491
1494,1495,1589
1398,1493,1492
1495,1590,1589
1399,1400,1494
1496,1590,1495
1590,1591,1685
1783,1689,1784
1686,1591,1592
1686,1685,1591
1493,1494,1588
1590,1684,1589
1682,1587,1588
1586,1492,1587
1584,1679,1678
1680,1681,1775
1586,1681,1680
1682,1777,1776
1868,1773,1774
1773,1772,1678
1587,1682,1681
1683,1777,1682
1685,1779,1684
1777,1683,1778
1875,1780,1781
1780,1685,1686
1875,1874,1780
1779,1778,1684
1874,1779,1780
1873,1778,1779
1969,1968,1874
1873,1779,1874
1872,1967,1966
1869,1775,1870
1964,1869,1870
1677,1771,1676
1964,1963,1869
1676,1770,1675
1774,1773,1679
1772,1866,1771
1869,1774,1775
1869,1868,1774
1772,1771,1677
1770,1769,1675
1865,1770,1771
1865,1864,1770
1868,1867,1773
1866,1865,1771
1867,1866,1772
1867,1961,1866
1959,1864,1865
1863,1769,1864
1773,1867,1772
1868,1869,1963
1963,1962,1868
2057,2056,1962
1865,1960,1959
2152,2057,2058
2153,2059,2154
1955,2050,2049
1962,1963,2057
2155,2060,2061
1964,2059,2058
1964,1965,2059
1870,1965,1964
2061,2062,2156
2058,1963,1964
2058,2057,1963
1966,1965,1871
1870,1776,1871
1968,1967,1873
1871,1777,1872
1876,1875,1781
1876,1971,1970
1782,1876,1781
1877,1971,1876
1968,1969,2063
1971,1972,2066
1876,1970,1875
1971,2066,2065
1875,1969,1874
2159,2065,2160
1873,1967,1872
1968,2062,1967
1872,1966,1871
1967,2062,2061
2062,2157,2156
2158,2253,2252
1970,2064,1969
2064,2065,2159
1969,2064,2063
2065,2066,2160
1970,2065,2064
1970,1971,2065
2255,2161,2256
2160,2066,2161
2063,2064,2158
2160,2254,2159
2063,2158,2157
2159,2253,2158
2156,2251,2250
2156,2157,2251
2153,2152,2058
2156,2250,2155
2151,2056,2057
2155,2249,2154
2150,2056,2151
2154,2249,2248
1966,2061,2060
1966,1967,2061
1961,2056,2055
1961,1962,2056
2055,2056,2150
2152,2153,2247
2057,2152,2151
2153,2154,2248
2055,2150,2149
2151,2246,2245
2152,2246,2151
2249,2344,2343
2052,2053,2147
2149,2243,2148
2053,2054,2148
2150,2244,2149
2051,2052,2146
2148,2242,2147
2050,2145,2144
2146,2147,2241
1958,2052,1957
1954,2049,2048
2051,2146,2145
2147,2242,2241
2054,2053,1959
2148,2147,2053
2149,2054,2055
2149,2148,2054
2146,2052,2147
2051,1957,2052
2053,1958,1959
1957,1863,1958
2051,1956,1957
1955,1860,1861
2051,2050,1956
1954,1859,1860
1955,1954,1860
1858,1763,1764
1953,1858,1859
1857,1763,1858
1956,2050,1955
1953,1859,1954
2145,2050,2051
1950,1951,2045
2144,2049,2050
2045,2139,2044
2043,1949,2044
2049,2144,2143
2048,2047,1953
1856,1855,1761
1953,2047,1952
1950,1855,1856
1951,1856,1857
1951,1950,1856
1952,2046,1951
1949,1854,1855
2044,1949,1950
1948,1854,1949
1948,1949,2043
2140,2046,2141
1950,2045,2044
2142,2047,2048
1951,2046,2045
2142,2048,2143
2042,2043,2137
2237,2238,2332
1948,2043,2042
2044,2138,2043
2044,2139,2138
2143,2238,2237
1952,2047,2046
2048,2049,2143
2141,2047,2142
2144,2238,2143
2234,2140,2235
2142,2143,2237
2235,2140,2141
2141,2046,2047
2237,2236,2142
2140,2045,2046
2236,2235,2141
2139,2045,2140
2332,2331,2237
2234,2139,2140
2329,2234,2235
2233,2139,2234
2423,2329,2424
2427,2332,2333
2233,2328,2327
2233,2234,2328
2239,2333,2238
2334,2429,2428
2330,2331,2425
2330,2236,2331
2235,2330,2329
2235,2236,2330
2142,2236,2141
2237,2331,2236
2144,2239,2238
2337,2242,2243
2145,2240,2239
2145,2146,2240
2336,2241,2242
2240,2146,2241
2149,2244,2243
2245,2340,2339
2340,2435,2434
2337,2336,2242
2244,2339,2338
2244,2245,2339
2432,2337,2338
2336,2335,2241
2431,2336,2337
2335,2240,2241
2431,2430,2336
2334,2240,2335
2527,2526,2432
2430,2335,2336
2527,2432,2433
2431,2337,2432
2434,2433,2339
2432,2338,2433
2529,2434,2435
2434,2339,2340
2530,2529,2435
2528,2433,2434
2434,2529,2528
2530,2624,2529
2525,2430,2431
2429,2335,2430
2429,2430,2524
2527,2622,2621
2429,2524,2523
2525,2619,2524
2618,2523,2524
2618,2617,2523
2521,2427,2522
2427,2426,2332
2426,2427,2521
2426,2331,2332
2520,2425,2426
2424,2330,2425
2328,2423,2422
2424,2518,2423
2520,2426,2521
2425,2331,2426
2519,2520,2614
2519,2424,2425
2613,2519,2614
2518,2424,2519
2521,2615,2520
2616,2711,2710
2711,2712,2806
2711,2617,2712
2522,2617,2616
2522,2523,2617
2618,2713,2712
2618,2619,2713
2902,2808,2903
2807,2712,2713
2900,2806,2901
2804,2709,2710
2805,2711,2806
2616,2617,2711
2615,2710,2709
2615,2616,2710
2802,2803,2897
2802,2708,2803
2900,2805,2806
2804,2710,2805
2803,2898,2897
2804,2805,2899
2898,2804,2899
2899,2805,2900
2901,2806,2807
2903,2809,2904
2808,2714,2809
2809,2810,2904
2809,2715,2810
2901,2807,2902
2806,2712,2807
2906,2811,2812
2810,2715,2716
2905,2810,2811
2904,2810,2905
2907,2812,2813
2908,2907,2813
2814,2908,2813
2909,2908,2814
2812,2717,2718
2718,2719,2813
2813,2719,2814
2718,2624,2719
2815,2816,2910
2623,2624,2718
2720,2814,2719
2812,2718,2813
2717,2622,2623
2528,2623,2622
2624,2625,2719
2810,2716,2811
2715,2620,2621
2525,2620,2619
2621,2716,2715
2525,2526,2620
2622,2716,2621
2621,2526,2527
2621,2620,2526
2529,2624,2623
2625,2626,2720
2530,2625,2624
2722,2628,2723
2530,2531,2625
2628,2629,2723
2627,2533,2628
2724,2630,2725
2533,2534,2628
2727,2633,2728
2628,2534,2629
2634,2729,2728
2721,2627,2722
2724,2819,2818
2629,2630,2724
2726,2727,2821
2626,2627,2721
2723,2817,2722
2626,2721,2720
2722,2817,2816
2720,2815,2814
2816,2817,2911
2721,2816,2815
2721,2722,2816
2910,2816,2911
2911,2817,2912
2914,2913,2819
2913,2912,2818
2917,2916,2822
2818,2723,2724
2629,2724,2723
2725,2819,2724
2913,2818,2819
2817,2723,2818
2917,2822,2823
2821,2820,2726
2825,2920,2919
2822,2728,2823
2916,2915,2821
2819,2725,2820
2917,2823,2918
2825,2919,2824
2919,2918,2824
2918,2823,2824
2729,2824,2823
2826,2827,2921
2825,2826,2920
2731,2732,2826
2729,2730,2824
2731,2826,2825
2725,2631,2726
2729,2823,2728
2916,2821,2822
2820,2725,2726
2630,2631,2725
2727,2822,2821
2727,2726,2632
2630,2536,2631
2631,2632,2726
2728,2822,2727
2539,2634,2633
2635,2729,2634
2825,2730,2731
2825,2824,2730
2634,2540,2635
2635,2540,2541
2444,2445,2539
2637,2543,2638
2446,2541,2540
2542,2543,2637
2540,2445,2446
2347,2441,2346
2443,2444,2538
2540,2634,2539
2441,2442,2536
2538,2633,2632
2539,2633,2538
2634,2728,2633
2538,2632,2537
2633,2727,2632
2437,2438,2532
2534,2535,2629
2531,2532,2626
2531,2436,2437
2532,2627,2626
2532,2533,2627
2625,2531,2626
2530,2436,2531
2534,2533,2439
2437,2343,2438
2438,2439,2533
2535,2630,2629
2440,2439,2345
2438,2344,2439
2439,2440,2534
2536,2630,2535
2535,2441,2536
2439,2344,2345
2347,2346,2252
2443,2348,2349
2251,2345,2250
2346,2441,2440
2535,2440,2441
2535,2534,2440
2438,2343,2344
2247,2246,2152
2437,2436,2342
2340,2246,2341
2150,2245,2244
2246,2340,2245
2437,2342,2343
2341,2246,2247
2248,2247,2153
2342,2341,2247
2343,2248,2249
2343,2342,2248
2348,2347,2253
2444,2349,2350
2256,2351,2350
2445,2350,2351
2255,2349,2254
2445,2351,2446
2536,2442,2537
2441,2347,2442
2538,2444,2539
2443,2349,2444
2255,2350,2349
2351,2352,2446
2352,2351,2257
2352,2447,2446
2160,2161,2255
2257,2351,2256
2160,2255,2254
2256,2350,2255
2162,2257,2256
2258,2352,2257
2162,2163,2257
2448,2354,2449
2259,2353,2258
2353,2447,2352
2258,2353,2352
2450,2355,2356
2359,2453,2358
2453,2547,2452
2357,2356,2262
2357,2452,2451
2259,2354,2353
2259,2260,2354
2356,2261,2262
2356,2355,2261
2263,2357,2262
2358,2452,2357
2266,2265,2171
2264,2263,2169
2362,2361,2267
2361,2360,2266
2267,2361,2266
2362,2457,2456
2364,2459,2458
2459,2554,2553
2458,2457,2363
2458,2553,2552
2268,2362,2267
2363,2457,2362
2266,2360,2265
2361,2455,2360
2454,2453,2359
2454,2549,2548
2453,2548,2547
2549,2644,2643
2453,2454,2548
2550,2551,2645
2360,2454,2359
2455,2549,2454
2455,2550,2549
2551,2552,2646
2457,2552,2551
2553,2647,2552
2549,2550,2644
2649,2650,2744
2547,2548,2642
2645,2646,2740
2547,2642,2641
2643,2738,2737
2641,2640,2546
2449,2543,2448
2542,2448,2543
2545,2639,2544
2641,2546,2547
2545,2451,2546
2449,2450,2544
2449,2355,2450
2543,2449,2544
2354,2355,2449
2353,2448,2447
2353,2354,2448
2447,2448,2542
2544,2638,2543
2541,2542,2636
2541,2447,2542
2544,2639,2638
2736,2642,2737
2636,2637,2731
2636,2542,2637
2640,2734,2639
2732,2731,2637
2734,2640,2735
2639,2545,2640
2642,2736,2641
2828,2827,2733
2833,2832,2738
2736,2735,2641
2832,2831,2737
2829,2828,2734
2733,2734,2828
2733,2639,2734
2827,2732,2733
2827,2826,2732
2736,2831,2830
2830,2829,2735
2831,2926,2925
2827,2922,2921
2828,2923,2922
2829,2924,2923
2829,2830,2924
2924,2830,2925
2737,2831,2736
2832,2926,2831
2736,2830,2735
2831,2925,2830
2738,2832,2737
2833,2928,2927
2741,2836,2835
2836,2931,2930
2927,2832,2833
2928,2834,2929
2926,2832,2927
2931,2837,2932
2932,2837,2838
2929,2834,2835
2933,2838,2839
2837,2743,2838
2740,2741,2835
2837,2931,2836
2649,2743,2648
2645,2740,2739
2742,2741,2647
2742,2836,2741
2930,2835,2836
2930,2929,2835
2644,2739,2738
2740,2834,2739
2550,2645,2644
2646,2741,2740
2548,2643,2642
2644,2738,2643
2551,2646,2645
2647,2741,2646
2553,2648,2647
2650,2745,2744
2837,2742,2743
2837,2836,2742
2839,2744,2745
2838,2743,2744
2554,2555,2649
2651,2746,2745
2650,2556,2651
2654,2749,2748
2752,2751,2657
2654,2653,2559
2845,2939,2844
2841,2936,2935
2843,2748,2749
2747,2746,2652
2843,2842,2748
2651,2745,2650
2748,2842,2747
2747,2842,2841
2934,2839,2840
2838,2744,2839
2934,2840,2935
2839,2745,2840
2933,2839,2934
2935,2840,2841
2845,2940,2939
2844,2938,2843
2938,2937,2843
2936,2842,2937
2841,2746,2747
2746,2841,2840
2842,2936,2841
2750,2751,2845
2847,2942,2941
2941,2940,2846
2847,2941,2846
2942,2847,2848
2848,2847,2753
2944,2849,2850
2848,2753,2754
2945,2944,2850
2943,2848,2849
2943,2942,2848
2847,2752,2753
2656,2750,2655
2846,2751,2752
2846,2845,2751
2749,2750,2844
2846,2940,2845
2844,2750,2845
2749,2655,2750
2752,2657,2658
2656,2561,2562
2659,2754,2753
2659,2753,2658
2658,2564,2659
2755,2849,2754
2755,2754,2660
2850,2849,2755
2657,2562,2563
2660,2754,2659
2660,2659,2565
2657,2563,2658
2565,2659,2564
2565,2564,2470
2559,2464,2465
2465,2371,2466
2466,2467,2561
2563,2564,2658
2561,2467,2562
2562,2467,2468
2561,2656,2655
2657,2751,2656
2557,2463,2558
2466,2561,2560
2558,2653,2652
2654,2748,2653
2555,2556,2650
2652,2746,2651
2743,2649,2744
2648,2554,2649
2461,2556,2555
2557,2652,2651
2462,2557,2556
2558,2652,2557
2461,2462,2556
2463,2369,2464
2465,2464,2370
2465,2560,2559
2654,2559,2560
2558,2464,2559
2274,2369,2368
2274,2275,2369
2369,2463,2368
2464,2558,2463
2366,2461,2460
2366,2367,2461
2460,2459,2365
2460,2554,2459
2269,2364,2363
2365,2459,2364
2267,2173,2268
2270,2271,2365
2268,2174,2269
2367,2368,2462
2269,2175,2270
2273,2368,2367
2271,2272,2366
2272,2273,2367
2182,2277,2276
2278,2372,2277
2276,2371,2370
2277,2372,2371
2371,2465,2370
2466,2560,2465
2372,2467,2466
2469,2470,2564
2468,2469,2563
2374,2375,2469
2372,2373,2467
2374,2469,2468
2470,2469,2375
2467,2373,2468
2372,2278,2373
2184,2279,2278
2184,2185,2279
2375,2374,2280
2277,2183,2278
2182,2088,2183
2275,2181,2276
2277,2371,2276
2275,2180,2181
2179,2084,2085
2180,2085,2086
2084,1989,1990
2181,2087,2182
2085,2084,1990
2090,2089,1995
2184,2183,2089
2280,2279,2185
2185,2184,2090
2089,1994,1995
1896,1990,1895
2088,1993,1994
1991,2086,2085
1995,1994,1900
1804,1899,1898
1897,1898,1992
1895,1990,1989
1991,1897,1992
2086,1992,2087
1991,1896,1897
2086,1991,1992
1990,1896,1991
1991,2085,1990
2086,2181,2180
2177,2176,2082
1985,2080,2079
2176,2175,2081
1985,2079,1984
1988,2083,2082
1988,1989,2083
1984,1890,1985
1797,1892,1891
1889,1890,1984
1986,2081,2080
1889,1984,1983
1985,1986,2080
1891,1986,1985
1891,1892,1986
2078,1984,2079
2081,2175,2080
2082,2176,2081
2176,2271,2270
2083,2177,2082
2177,2271,2176
2178,2177,2083
2179,2274,2273
2179,2180,2274
2179,2085,2180
2180,2275,2274
2276,2370,2275
2177,2178,2272
2274,2368,2273
2084,2178,2083
2179,2273,2178
2366,2272,2367
2271,2177,2272
2175,2174,2080
2175,2269,2174
2172,2173,2267
2269,2363,2268
2174,2173,2079
2174,2268,2173
2076,2075,1981
2080,2174,2079
1983,1984,2078
2079,2173,2078
1977,1978,2072
2076,2171,2170
1979,1980,2074
2077,2172,2171
2168,2169,2263
2074,2075,2169
2359,2264,2265
2359,2358,2264
2261,2167,2262
2074,2169,2168
2165,2166,2260
2167,2168,2262
2164,2165,2259
2261,2355,2260
2069,2070,2164
2167,2072,2073
2258,2163,2164
2162,2067,2068
2164,2070,2165
2069,1974,1975
2165,2071,2166
1975,1974,1880
2071,2072,2166
2073,2074,2168
2166,2072,2167
2071,1976,1977
2070,1976,2071
1975,1880,1881
2167,2073,2168
2072,1978,2073
2163,2069,2164
2068,1974,2069
2163,2068,2069
2163,2162,2068
1877,1878,1972
1974,2068,1973
1783,1784,1878
1975,1881,1976
1879,1880,1974
1785,1786,1880
2071,1977,2072
1976,1882,1977
2070,1975,1976
2070,2069,1975
2075,1980,1981
1979,1978,1884
2077,2076,1982
1980,1979,1885
2073,1979,2074
1978,1883,1884
2170,2075,2076
2170,2169,2075
1981,1982,2076
2078,2172,2077
2077,1982,1983
1981,1887,1982
2077,1983,2078
1982,1888,1983
1886,1887,1981
1886,1791,1792
1887,1792,1793
1888,1794,1889
1885,1791,1886
1885,1790,1791
1793,1888,1887
1790,1789,1695
1794,1888,1793
1791,1697,1792
1599,1600,1694
1695,1600,1601
1882,1787,1788
1789,1694,1695
1694,1789,1788
1790,1885,1884
1980,1885,1886
1884,1789,1790
1979,1884,1885
1883,1789,1884
1785,1691,1786
1788,1883,1882
1877,1782,1783
1783,1688,1689
1784,1879,1878
1784,1785,1879
1876,1782,1877
1781,1686,1687
1877,1783,1878
1782,1688,1783
1784,1689,1690
1688,1593,1594
1880,1786,1881
1785,1690,1691
1692,1691,1597
1692,1787,1786
1693,1788,1787
1789,1883,1788
1598,1693,1692
1694,1788,1693
1598,1692,1597
1693,1787,1692
1689,1595,1690
1594,1499,1500
1592,1687,1686
1592,1593,1687
1498,1497,1403
1496,1401,1402
1689,1594,1595
1689,1688,1594
1406,1407,1501
1409,1410,1504
1690,1596,1691
1595,1501,1596
1503,1504,1598
1601,1507,1602
1407,1408,1502
1409,1504,1503
1505,1600,1599
1601,1696,1695
1790,1695,1696
1694,1600,1695
1602,1603,1697
1604,1605,1699
1603,1602,1508
1697,1696,1602
1698,1603,1604
1698,1697,1603
1410,1411,1505
1412,1413,1507
1506,1601,1600
1602,1696,1601
1416,1511,1510
1604,1603,1509
1607,1606,1512
1607,1702,1701
1607,1512,1513
1416,1510,1415
1608,1607,1513
1608,1702,1607
1611,1706,1705
1703,1702,1608
1609,1703,1608
1704,1798,1703
1700,1699,1605
1700,1605,1606
1510,1511,1605
1607,1701,1606
1698,1699,1793
1698,1604,1699
1795,1889,1794
1792,1698,1793
1890,1889,1795
1793,1699,1794
1891,1890,1796
1794,1699,1700
1796,1890,1795
1891,1985,1890
1988,1893,1894
1892,1797,1798
1891,1796,1797
1795,1701,1796
1799,1798,1704
1799,1893,1798
1795,1700,1701
1795,1794,1700
1705,1799,1704
1800,1895,1894
1988,1894,1989
1893,1799,1894
1802,1897,1896
1898,1899,1993
1802,1803,1897
1899,1994,1993
1803,1804,1898
1900,1994,1899
1802,1708,1803
1805,1899,1804
1897,1803,1898
1708,1707,1613
1804,1709,1710
1708,1613,1614
1805,1804,1710
1803,1708,1709
1802,1801,1707
1802,1707,1708
1801,1800,1706
1612,1613,1707
1707,1801,1706
1703,1609,1704
1706,1800,1705
1704,1609,1610
1608,1514,1609
1705,1610,1611
1609,1514,1515
1706,1611,1612
1516,1515,1421
1706,1612,1707
1611,1610,1516
1710,1709,1615
1615,1614,1520
1424,1425,1519
1520,1614,1519
1520,1519,1425
1518,1424,1519
1328,1422,1327
1518,1423,1424
1422,1421,1327
1513,1512,1418
1326,1420,1325
1422,1517,1516
1518,1613,1612
1423,1518,1517
1519,1613,1518
1611,1516,1517
1419,1514,1513
1420,1421,1515
1229,1323,1228
1610,1515,1516
1610,1609,1515
1606,1511,1512
1606,1605,1511
1318,1319,1413
1415,1510,1509
1417,1416,1322
1415,1321,1416
1513,1418,1419
1417,1322,1323
1514,1419,1420
1418,1323,1324
1514,1420,1515
1419,1418,1324
1512,1417,1418
1512,1511,1417
1325,1324,1230
1325,1419,1324
1320,1321,1415
1317,1223,1318
1319,1320,1414
1316,1315,1221
1128,1129,1223
1226,1321,1320
1131,1226,1225
1227,1321,1226
1227,1133,1228
1230,1231,1325
1134,1135,1229
1231,1232,1326
1136,1231,1230
1232,1233,1327
1137,1232,1231
1137,1138,1232
1326,1325,1231
1420,1419,1325
1421,1326,1327
1421,1420,1326
1425,1424,1330
1423,1328,1329
1327,1233,1328
1423,1329,1424
1328,1233,1234
1330,1329,1235
1139,1234,1233
1235,1329,1234
1235,1234,1140
1044,1139,1138
1044,1045,1139
1229,1135,1230
1041,1042,1136
1036,941,942
1041,1136,1135
947,1042,1041
1043,1138,1137
948,1043,1042
1044,1138,1043
855,950,949
1045,1140,1139
950,1045,1044
948,854,949
946,852,947
949,1043,948
854,855,949
947,853,948
853,758,759
947,852,853
759,760,854
755,756,850
850,756,851
948,853,854
662,756,661
851,852,946
948,1042,947
851,946,945
947,1041,946
1039,945,1040
946,1040,945
753,754,848
850,945,944
754,755,849
851,945,850
753,848,847
849,850,944
941,940,846
750,844,749
843,749,844
846,847,941
1037,1036,942
940,939,845
1036,1035,941
939,844,845
847,942,941
848,849,943
942,943,1037
942,848,943
1131,1130,1036
1034,940,1035
1039,944,945
943,849,944
1135,1134,1040
1038,943,944
1133,1134,1228
1039,1040,1134
1041,1135,1040
1136,1230,1135
1037,1038,1132
1039,1134,1133
1133,1038,1039
1037,943,1038
1035,1130,1129
1035,1036,1130
1130,1224,1129
1126,1125,1031
1222,1127,1128
1125,1030,1031
1221,1220,1126
1124,1029,1030
1220,1219,1125
1123,1029,1124
937,1032,1031
1032,1033,1127
1033,1032,938
1033,1128,1127
1034,1033,939
1034,1128,1033
844,939,938
940,1034,939
843,938,937
939,1033,938
842,843,937
938,1032,937
936,841,842
842,748,843
936,842,937
841,840,746
934,839,840
743,838,837
837,742,743
840,935,934
840,841,935
840,839,745
1029,934,935
1029,1028,934
841,936,935
937,1031,936
1026,931,932
930,836,931
1025,930,931
929,835,930
834,835,929
834,833,739
931,837,932
836,741,742
928,833,834
832,738,833
928,834,929
833,738,739
925,924,830
928,1023,1022
1025,1120,1119
1022,927,928
1026,1120,1025
1023,929,1024
1121,1120,1026
1024,930,1025
1121,1026,1027
1025,931,1026
1123,1028,1029
1027,933,1028
1124,1218,1123
1216,1121,1122
1215,1120,1121
1023,1118,1117
1215,1214,1120
1021,1022,1116
1120,1214,1119
1021,1116,1115
1119,1213,1118
1114,1113,1019
1308,1213,1214
1212,1117,1118
1310,1216,1311
1215,1121,1216
1308,1214,1309
1213,1119,1214
1313,1314,1408
1310,1215,1216
1315,1409,1314
1217,1216,1122
1314,1409,1408
1311,1216,1217
1312,1218,1313
1217,1122,1123
1312,1217,1218
1312,1311,1217
1032,1126,1031
1127,1221,1126
1218,1219,1313
1218,1124,1219
1127,1222,1221
1318,1224,1319
1128,1223,1222
1224,1225,1319
1129,1224,1223
1225,1320,1319
1413,1319,1414
1223,1317,1222
1412,1318,1413
1316,1221,1222
1410,1316,1411
1315,1220,1221
1410,1409,1315
1313,1219,1314
1410,1315,1316
1314,1220,1315
1500,1406,1501
1313,1407,1312
1316,1317,1411
1316,1222,1317
1317,1318,1412
1414,1508,1413
1415,1509,1414
1510,1604,1509
1411,1412,1506
1413,1508,1507
1506,1412,1507
1411,1317,1412
1410,1505,1504
1506,1600,1505
1408,1409,1503
1312,1406,1311
1499,1405,1500
1406,1405,1311
1405,1406,1500
1310,1309,1215
1502,1408,1503
1407,1313,1408
1404,1405,1499
1404,1403,1309
1405,1310,1311
1405,1404,1310
1310,1404,1309
1211,1306,1305
1498,1403,1404
1403,1308,1309
1499,1498,1404
1307,1401,1306
1593,1498,1499
1593,1592,1498
1497,1402,1403
1497,1496,1402
1495,1400,1401
1495,1494,1400
1588,1494,1589
1493,1398,1399
1395,1396,1490
1395,1300,1301
1208,1302,1207
1303,1397,1302
1305,1304,1210
1305,1399,1304
1493,1399,1494
1398,1304,1399
1400,1305,1306
1400,1399,1305
1402,1307,1308
1402,1401,1307
1114,1209,1208
1210,1304,1209
1307,1212,1213
1211,1117,1212
1306,1211,1212
1210,1209,1115
1112,1206,1111
1207,1302,1301
1114,1208,1113
1209,1304,1303
1206,1205,1111
1206,1300,1205
1207,1301,1206
1302,1396,1301
1209,1303,1208
1304,1398,1303
1394,1299,1300
1393,1298,1299
1390,1295,1296
1293,1292,1198
1109,1204,1203
1205,1299,1204
1107,1012,1013
1110,1205,1204
1295,1294,1200
1198,1103,1104
1103,1197,1102
1198,1199,1293
1295,1200,1201
1104,1103,1009
1292,1293,1387
1292,1197,1198
1389,1294,1295
1293,1199,1294
1293,1294,1388
1390,1485,1484
1489,1394,1395
1393,1299,1394
1489,1395,1490
1394,1300,1395
1295,1390,1389
1391,1485,1390
1393,1488,1487
1489,1583,1488
1389,1484,1483
1485,1579,1484
1387,1388,1482
1484,1578,1483
1482,1388,1483
1387,1293,1388
1385,1386,1480
1482,1576,1481
1481,1387,1482
1386,1292,1387
1384,1289,1290
1291,1197,1292
1385,1290,1291
1192,1287,1286
1288,1289,1383
1192,1286,1191
1478,1384,1479
1383,1289,1384
1384,1385,1479
1384,1290,1385
1385,1480,1479
1481,1575,1480
1382,1383,1477
1479,1573,1478
1570,1476,1571
1475,1474,1380
1569,1474,1475
1378,1472,1377
1568,1473,1474
1568,1567,1473
1474,1379,1380
1189,1283,1188
1282,1283,1377
1379,1473,1378
1475,1380,1381
1379,1285,1380
1475,1381,1476
1380,1286,1381
1477,1383,1478
1382,1287,1288
1381,1287,1382
1286,1285,1191
1190,1189,1095
1190,1285,1284
1379,1284,1285
1283,1282,1188
1378,1283,1284
1378,1377,1283
999,1094,1093
1094,1189,1188
998,999,1093
1095,1189,1094
1096,1191,1190
1192,1193,1287
1099,1193,1098
1288,1194,1289
1002,1097,1096
1192,1191,1097
1002,1003,1097
1192,1097,1098
1101,1195,1100
1193,1192,1098
1194,1193,1099
1195,1290,1289
1382,1288,1383
1287,1193,1288
1385,1291,1386
1290,1195,1196
1100,1195,1194
1196,1291,1290
1197,1196,1102
1197,1291,1196
1100,1194,1099
1195,1289,1194
1004,1005,1099
1101,1196,1195
1106,1105,1011
1200,1199,1105
914,915,1009
1009,915,1010
820,915,914
1108,1107,1013
817,912,911
817,816,722
1009,1008,914
1006,911,912
1103,1008,1009
1007,912,913
1102,1007,1008
1006,912,1007
1199,1104,1105
1199,1198,1104
1006,1101,1100
1102,1196,1101
1100,1099,1005
1003,908,909
1001,1096,1095
1097,1191,1096
904,999,998
1000,1001,1095
905,1000,999
905,906,1000
997,903,998
713,807,712
1098,1097,1003
1001,1000,906
1098,1003,1004
1002,908,1003
1100,1005,1006
1004,910,1005
810,811,905
907,1002,1001
808,714,809
811,812,906
998,903,904
902,807,808
713,808,807
903,902,808
904,809,810
904,903,809
811,810,716
714,620,715
715,716,810
907,813,908
717,812,811
813,814,908
718,813,812
814,815,909
719,814,813
815,910,909
720,815,814
816,910,815
813,907,812
908,1002,907
1008,913,914
1008,1007,913
820,821,915
725,724,630
914,819,820
818,912,817
724,818,723
818,913,912
723,818,817
819,913,818
918,823,824
822,727,728
821,822,916
821,727,822
920,919,825
823,728,729
920,825,826
824,823,729
732,826,731
825,731,826
917,823,918
923,924,1018
915,916,1010
917,822,823
1011,916,917
915,821,916
1012,917,918
916,822,917
916,1011,1010
1109,1014,1015
917,1012,1011
1013,919,1014
1201,1106,1107
1201,1200,1106
1108,1014,1109
1111,1205,1110
1110,1109,1015
1013,918,919
1108,1013,1014
1012,918,1013
824,919,918
824,825,919
1111,1110,1016
1014,920,1015
1111,1016,1017
1015,920,921
926,1020,925
922,921,827
1017,1112,1111
1113,1207,1112
1020,1114,1019
1115,1209,1114
1020,1115,1114
1116,1210,1115
1211,1116,1117
1211,1210,1116
1117,1116,1022
1020,1019,925
1117,1022,1023
1021,927,1022
1115,1020,1021
1019,1018,924
1021,1020,926
924,829,830
1019,924,925
923,829,924
1017,922,923
921,826,827
1016,921,922
920,826,921
923,922,828
828,922,827
826,732,827
827,733,828
831,830,736
831,925,830
737,831,736
832,927,926
832,926,831
927,1021,926
733,734,828
737,643,738
732,733,827
732,731,637
730,636,731
731,636,637
636,730,635
731,825,730
638,732,637
635,541,636
639,733,638
636,542,637
734,733,639
637,542,543
735,734,640
638,637,543
735,640,641
639,545,640
451,545,450
546,640,545
545,544,450
545,639,544
543,449,544
450,544,449
351,352,446
448,542,447
353,448,447
353,354,448
351,446,445
447,542,541
444,445,539
446,447,541
449,543,448
544,638,543
539,633,538
536,442,537
445,444,350
634,540,635
348,443,442
444,538,443
351,445,350
446,541,540
535,440,441
439,344,345
432,526,431
438,344,439
442,441,347
442,536,441
439,440,534
536,630,535
531,436,437
535,630,629
537,538,632
634,728,633
444,539,538
540,541,635
445,540,539
445,446,540
536,537,631
633,727,632
635,729,634
730,824,729
536,631,630
632,727,726
630,631,725
631,632,726
820,725,726
820,819,725
719,625,720
627,626,532
722,627,628
719,718,624
723,629,724
628,534,629
722,721,627
530,624,529
431,525,430
625,531,626
720,625,626
623,717,622
719,624,625
525,620,619
815,721,816
720,626,721
526,621,620
716,715,621
622,716,621
717,811,716
809,714,715
523,617,522
808,713,714
712,617,618
523,618,617
713,712,618
714,619,620
714,713,619
523,429,524
527,622,621
718,717,623
717,716,622
624,623,529
624,718,623
525,524,430
528,623,622
524,429,430
527,621,526
522,428,523
525,619,524
427,428,522
524,618,523
428,429,523
527,526,432
332,333,427
334,335,429
335,336,430
527,432,433
336,431,430
528,433,434
337,432,431
528,434,529
338,433,432
343,344,438
534,533,439
433,338,339
433,528,527
529,623,528
435,530,529
531,532,626
435,436,530
532,533,627
530,436,531
533,628,627
438,533,532
534,628,533
533,438,439
437,342,343
532,531,437
245,339,244
532,437,438
436,342,437
435,341,436
246,340,245
436,341,342
339,338,244
251,252,346
346,347,441
149,150,244
246,341,340
340,339,245
434,433,339
435,340,341
435,434,340
340,434,339
435,529,434
431,336,337
430,429,335
428,334,429
334,239,240
333,334,428
333,239,334
427,333,428
332,237,238
333,238,239
237,142,143
146,240,145
241,242,336
146,241,240
242,337,336
243,242,148
243,338,337
149,243,148
244,338,243
51,52,146
50,51,145
145,51,146
239,144,145
238,143,144
142,47,48
143,142,48
144,49,50
144,143,49
147,148,242
53,148,147
54,148,53
56,151,150
52,147,146
52,53,147
54,149,148
151,152,246
150,151,245
248,153,154
57,152,151
57,58,152
54,55,149
56,57,151
55,56,150
149,55,150
59,154,153
60,154,59
60,61,155
159,65,160
158,252,157
155,61,156
157,252,251
253,348,347
155,249,154
251,346,345
58,153,152
58,59,153
344,343,249
247,152,153
342,247,248
246,152,247
437,343,438
342,248,343
440,345,346
344,249,250
344,250,345
252,347,346
349,348,254
349,444,443
250,251,345
156,157,251
348,253,254
252,158,253
155,250,249
155,156,250
255,254,160
255,350,349
63,64,158
158,64,159
447,446,352
350,256,351
255,349,254
350,444,349
447,352,353
351,256,257
261,355,260
356,450,355
163,258,257
259,353,258
162,257,256
258,352,257
165,259,164
162,68,163
68,69,163
165,166,260
70,165,164
70,71,165
257,162,163
161,160,66
256,161,162
65,159,64
65,66,160
66,67,161
67,162,161
164,69,70
164,163,69
68,162,67
166,71,72
166,165,71
169,263,168
166,72,167
264,263,169
167,73,168
264,169,170
168,73,74
270,269,175
171,77,172
170,169,75
171,76,77
171,170,76
169,74,75
169,168,74
80,175,174
81,175,80
82,177,176
83,177,82
81,82,176
178,273,272
81,176,175
177,271,176
174,175,269
174,79,80
268,174,269
173,78,79
174,173,79
172,77,78
267,268,362
269,363,268
78,173,172
174,268,173
176,270,175
271,366,365
178,272,177
273,367,272
272,367,366
466,372,467
273,368,367
373,374,468
364,365,459
270,271,365
269,364,363
269,270,364
457,362,363
361,266,267
172,266,171
267,362,361
172,267,266
172,173,267
171,265,170
266,361,360
166,261,260
358,263,264
167,262,261
167,168,262
263,357,262
358,452,357
454,453,359
357,263,358
266,360,265
361,456,455
357,451,356
452,546,451
359,453,358
454,548,453
551,550,456
454,360,455
457,551,456
552,646,551
458,552,457
553,648,647
456,550,455
551,645,550
641,642,736
641,546,547
453,547,452
548,642,547
735,641,736
640,546,641
739,644,645
738,643,644
831,737,832
736,642,737
834,739,740
738,644,739
647,742,741
743,744,838
650,744,649
744,839,838
834,740,835
739,645,740
553,647,552
648,743,742
555,649,554
649,743,648
654,748,653
652,747,746
554,649,648
650,745,744
651,745,650
746,840,745
649,744,743
745,839,744
651,746,745
747,841,746
842,747,748
842,841,747
563,658,657
657,658,752
557,652,651
653,747,652
649,555,650
652,746,651
653,558,559
460,461,555
651,556,557
460,554,459
650,555,556
554,553,459
459,553,458
554,648,553
461,462,556
458,364,459
462,557,556
459,365,460
463,557,462
460,366,461
558,557,463
461,367,462
558,463,464
462,368,463
559,558,464
463,368,369
467,561,466
464,463,369
562,561,467
465,464,370
564,563,469
467,373,468
468,563,562
468,469,563
466,561,560
562,657,656
466,560,465
561,655,560
465,559,464
560,655,654
559,560,654
658,753,752
559,654,653
655,749,654
845,844,750
748,654,749
845,750,751
749,655,750
846,752,847
656,655,561
655,656,750
752,846,751
564,658,563
659,754,753
751,657,752
656,561,562
751,656,657
751,750,656
564,565,659
661,756,755
564,659,658
660,754,659
851,756,757
755,660,661
849,755,850
754,660,755
852,758,853
567,661,566
852,757,758
852,851,757
853,759,854
758,664,759
757,663,758
662,568,663
757,662,663
757,756,662
664,569,570
471,566,565
569,568,474
472,471,377
568,567,473
568,662,567
660,565,566
564,469,470
472,566,471
469,374,375
567,566,472
470,469,375
567,472,473
471,470,376
569,475,570
474,380,475
569,474,475
473,378,379
474,473,379
377,283,378
472,377,378
375,374,280
474,379,380
378,283,284
379,285,380
377,282,283
281,186,187
377,376,282
280,186,281
282,376,281
377,471,376
376,375,281
376,470,375
372,373,467
372,278,373
371,372,466
277,278,372
370,371,465
277,372,371
369,370,464
369,274,275
273,274,368
368,274,369
275,274,180
275,276,370
181,276,275
276,371,370
180,181,275
182,277,276
375,280,281
184,183,89
181,180,86
185,280,279
179,85,180
182,276,181
181,87,182
274,179,180
274,273,179
178,83,84
178,177,83
87,88,182
88,183,182
184,90,185
90,91,185
92,186,91
91,186,185
89,90,184
186,280,185
279,184,185
279,278,184
379,284,285
283,189,284
284,190,285
283,188,189
283,282,188
188,93,94
188,187,93
189,95,190
