54.792,-419.98,-30
52.854,-415.32,-30
50.916,-410.65,-30
48.978,-405.99,-30
47.04,-401.33,-30
45.102,-396.66,-30
43.164,-392,-30
41.226,-387.34,-30
39.288,-382.67,-30
37.35,-378.01,-30
35.412,-373.35,-30
33.474,-368.68,-30
31.536,-364.02,-30
29.597,-359.36,-30
27.659,-354.69,-30
25.721,-350.03,-30
23.783,-345.36,-30
21.845,-340.7,-30
19.907,-336.04,-30
17.969,-331.37,-30
16.031,-326.71,-30
14.093,-322.05,-30
12.155,-317.38,-30
10.217,-312.72,-30
8.2788,-308.06,-30
6.3407,-303.39,-30
4.4026,-298.73,-30
3.4868,-293.79,-30
2.804,-288.78,-30
3.8821,-283.96,-30
5.5703,-279.2,-30
7.2585,-274.44,-30
8.9467,-269.68,-30
10.635,-264.92,-30
12.32,-260.16,-30
13.739,-255.32,-30
15.157,-250.47,-30
16.576,-245.62,-30
17.994,-240.77,-30
19.413,-235.93,-30
20.832,-231.08,-30
22.25,-226.23,-30
23.669,-221.39,-30
25.087,-216.54,-30
26.506,-211.69,-30
27.924,-206.85,-30
29.343,-202,-30
30.761,-197.15,-30
32.923,-192.62,-30
35.368,-188.2,-30
37.814,-183.78,-30
40.259,-179.36,-30
42.705,-174.94,-30
45.151,-170.52,-30
47.596,-166.1,-30
50.042,-161.68,-30
52.487,-157.27,-30
54.933,-152.85,-30
57.378,-148.43,-30
59.824,-144.01,-30
62.269,-139.59,-30
65.323,-135.64,-30
68.959,-132.13,-30
72.594,-128.63,-30
76.036,-125.01,-30
77.381,-120.14,-30
78.726,-115.27,-30
80.071,-110.41,-30
81.416,-105.54,-30
82.761,-100.67,-30
84.014,-95.8,-30
82.803,-90.897,-30
81.592,-85.995,-30
80.381,-81.092,-30
79.171,-76.189,-30
77.96,-71.286,-30
76.749,-66.383,-30
75.538,-61.48,-30
76.39,-56.705,-30
78.198,-51.99,-30
80.007,-47.275,-30
81.816,-42.56,-30
83.624,-37.844,-30
85.433,-33.129,-30
87.242,-28.414,-30
89.05,-23.699,-30
90.859,-18.983,-30
92.906,-14.398,-30
95.894,-10.327,-30
98.882,-6.2549,-30
101.87,-2.1833,-30
104.86,1.8883,-30
107.84,5.96,-30
110.83,10.032,-30
113.82,14.103,-30
50.68,-417.41,-27.167
48.744,-412.75,-27.315
46.808,-408.1,-27.481
44.873,-403.44,-27.141
42.937,-398.78,-27.341
41.001,-394.12,-27.477
39.065,-389.46,-27.152
37.129,-384.8,-27.367
35.193,-380.14,-27.489
33.257,-375.49,-27.166
31.321,-370.83,-27.394
29.385,-366.17,-27.431
27.449,-361.51,-27.181
25.513,-356.85,-27.427
23.577,-352.19,-27.378
21.641,-347.54,-27.196
19.705,-342.88,-27.46
17.77,-338.22,-27.33
15.834,-333.56,-27.211
13.898,-328.9,-27.497
11.962,-324.24,-27.311
10.026,-319.58,-27.226
8.0899,-314.93,-27.538
6.154,-310.27,-27.287
4.218,-305.61,-27.244
2.2821,-300.95,-27.584
0.34617,-296.29,-27.236
-0.60238,-291.34,-27.134
-1.2903,-286.34,-27.13
-0.23568,-281.42,-27.132
1.4476,-276.66,-27.13
3.1339,-271.91,-27.13
4.8203,-267.15,-27.13
6.5066,-262.4,-27.13
8.1901,-257.64,-27.129
9.6099,-252.8,-27.141
11.027,-247.96,-27.148
12.444,-243.12,-27.133
13.861,-238.28,-27.139
15.278,-233.44,-27.151
16.695,-228.6,-27.135
18.112,-223.75,-27.138
19.529,-218.91,-27.153
20.946,-214.07,-27.137
22.363,-209.23,-27.137
23.78,-204.39,-27.155
25.197,-199.55,-27.139
26.614,-194.7,-27.136
28.765,-190.14,-27.134
31.202,-185.73,-27.13
33.644,-181.31,-27.13
36.087,-176.9,-27.13
38.53,-172.48,-27.13
40.973,-168.07,-27.13
43.416,-163.66,-27.13
45.859,-159.24,-27.13
48.302,-154.83,-27.13
50.744,-150.42,-27.13
53.187,-146,-27.13
55.63,-141.59,-27.13
58.073,-137.17,-27.13
61.135,-133.17,-27.14
64.754,-129.65,-27.13
68.385,-126.15,-27.13
71.865,-122.5,-27.111
73.245,-117.66,-27.13
74.588,-112.8,-27.132
75.932,-107.93,-27.13
77.275,-103.07,-27.131
78.619,-98.209,-27.13
79.878,-93.324,-27.098
78.716,-88.427,-27.158
77.506,-83.529,-27.16
76.297,-78.632,-27.14
75.087,-73.734,-27.138
73.877,-68.837,-27.141
72.668,-63.939,-27.176
71.458,-59.042,-27.149
72.299,-54.08,-27.138
74.106,-49.37,-27.137
75.913,-44.66,-27.135
77.719,-39.95,-27.134
79.526,-35.24,-27.132
81.333,-30.53,-27.131
83.139,-25.82,-27.131
84.946,-21.109,-27.132
86.753,-16.4,-27.134
88.817,-11.797,-27.13
91.802,-7.7303,-27.13
94.786,-3.6631,-27.13
97.771,0.40403,-27.13
100.75,4.4712,-27.13
103.74,8.5384,-27.13
106.72,12.606,-27.13
109.71,16.673,-27.13
46.568,-414.84,-24.959
44.632,-410.18,-25.322
42.697,-405.53,-25.195
40.761,-400.87,-24.972
38.825,-396.21,-25.286
36.889,-391.55,-25.207
34.953,-386.89,-25.013
33.017,-382.23,-25.237
31.081,-377.58,-25.222
29.145,-372.92,-25.053
27.209,-368.26,-25.267
25.273,-363.6,-25.177
23.337,-358.94,-25.094
21.401,-354.28,-25.305
19.466,-349.62,-25.132
17.53,-344.97,-25.141
15.594,-340.31,-25.319
13.658,-335.65,-25.096
11.722,-330.99,-25.189
9.7859,-326.33,-25.269
7.85,-321.67,-25.061
5.914,-317.02,-25.238
3.9781,-312.36,-25.304
2.0422,-307.7,-25.031
0.10628,-303.04,-25.237
-1.8296,-298.38,-25.343
-3.7656,-293.72,-25.023
-4.7142,-288.77,-24.937
-5.4022,-283.77,-24.934
-4.3476,-278.85,-24.935
-2.6644,-274.09,-24.934
-0.97807,-269.34,-24.934
0.70827,-264.58,-24.934
2.3946,-259.83,-24.934
4.0781,-255.07,-24.933
5.4979,-250.23,-24.945
6.9149,-245.39,-24.943
8.3319,-240.55,-24.935
9.7489,-235.71,-24.944
11.166,-230.87,-24.944
12.583,-226.03,-24.934
14,-221.18,-24.943
15.417,-216.34,-24.945
16.834,-211.5,-24.935
18.251,-206.66,-24.942
19.668,-201.82,-24.946
21.085,-196.98,-24.936
22.502,-192.14,-24.941
24.653,-187.57,-24.937
27.089,-183.16,-24.934
29.532,-178.74,-24.934
31.975,-174.33,-24.934
34.418,-169.92,-24.934
36.861,-165.5,-24.934
39.304,-161.09,-24.934
41.747,-156.67,-24.934
44.189,-152.26,-24.934
46.632,-147.85,-24.934
49.075,-143.43,-24.934
51.518,-139.02,-24.934
53.961,-134.61,-24.934
57.023,-130.6,-24.942
60.641,-127.09,-24.934
64.273,-123.58,-24.934
67.753,-119.93,-24.917
69.133,-115.09,-24.934
70.476,-110.23,-24.934
71.82,-105.37,-24.934
73.163,-100.5,-24.934
74.507,-95.64,-24.934
75.766,-90.755,-24.908
74.604,-85.857,-24.954
73.394,-80.96,-24.958
72.185,-76.062,-24.963
70.975,-71.165,-24.944
69.766,-66.267,-24.944
68.556,-61.37,-24.965
67.346,-56.472,-24.952
68.187,-51.51,-24.934
69.994,-46.8,-24.934
71.801,-42.09,-24.934
73.607,-37.38,-24.934
75.414,-32.67,-24.934
77.221,-27.96,-24.934
79.027,-23.25,-24.934
80.834,-18.54,-24.934
82.642,-13.83,-24.934
84.705,-9.2279,-24.934
87.69,-5.1608,-24.934
90.674,-1.0936,-24.934
93.659,2.9735,-24.934
96.643,7.0407,-24.934
99.628,11.108,-24.934
102.61,15.175,-24.934
105.6,19.242,-24.898
42.456,-412.27,-23.43
40.521,-407.61,-23.513
38.585,-402.96,-23.382
36.649,-398.3,-23.26
34.713,-393.64,-23.542
32.777,-388.98,-23.399
30.841,-384.32,-23.298
28.905,-379.66,-23.497
26.969,-375.01,-23.383
25.033,-370.35,-23.336
23.097,-365.69,-23.461
21.161,-361.03,-23.357
19.226,-356.37,-23.352
17.29,-351.71,-23.453
15.354,-347.06,-23.33
13.418,-342.4,-23.392
11.482,-337.74,-23.477
9.5459,-333.08,-23.329
7.61,-328.42,-23.431
5.6741,-323.76,-23.501
3.7382,-319.11,-23.32
1.8023,-314.45,-23.471
-0.13364,-309.79,-23.489
-2.0696,-305.13,-23.295
-4.0055,-300.47,-23.462
-5.9414,-295.81,-23.452
-7.8773,-291.15,-23.271
-8.826,-286.2,-23.224
-9.514,-281.21,-23.222
-8.4596,-276.28,-23.223
-6.7764,-271.52,-23.222
-5.0901,-266.77,-23.222
-3.4037,-262.02,-23.222
-1.7174,-257.26,-23.222
-0.033944,-252.51,-23.221
1.3859,-247.67,-23.223
2.8029,-242.82,-23.235
4.2199,-237.98,-23.223
5.6369,-233.14,-23.222
7.0539,-228.3,-23.235
8.4709,-223.46,-23.224
9.8879,-218.62,-23.223
11.305,-213.77,-23.234
12.722,-208.93,-23.225
14.139,-204.09,-23.224
15.556,-199.25,-23.233
16.973,-194.41,-23.226
18.39,-189.57,-23.225
20.54,-185,-23.224
22.977,-180.59,-23.222
25.42,-176.17,-23.222
27.863,-171.76,-23.222
30.306,-167.35,-23.222
32.749,-162.93,-23.222
35.192,-158.52,-23.222
37.634,-154.11,-23.222
40.077,-149.69,-23.222
42.52,-145.28,-23.222
44.963,-140.86,-23.222
47.406,-136.45,-23.222
49.849,-132.04,-23.222
52.911,-128.03,-23.228
56.529,-124.52,-23.222
60.16,-121.02,-23.222
63.641,-117.36,-23.209
65.021,-112.52,-23.222
66.364,-107.66,-23.222
67.708,-102.8,-23.222
69.051,-97.934,-23.222
70.395,-93.071,-23.222
71.654,-88.186,-23.202
70.492,-83.288,-23.231
69.282,-78.391,-23.232
68.073,-73.493,-23.223
66.863,-68.596,-23.226
65.654,-63.698,-23.227
64.444,-58.801,-23.235
63.234,-53.903,-23.227
64.076,-48.941,-23.222
65.882,-44.231,-23.222
67.689,-39.521,-23.222
69.496,-34.811,-23.222
71.302,-30.1,-23.222
73.109,-25.39,-23.222
74.916,-20.68,-23.222
76.722,-15.97,-23.222
78.53,-11.261,-23.222
80.593,-6.6584,-23.222
83.578,-2.5913,-23.222
86.562,1.4758,-23.222
89.547,5.543,-23.222
92.531,9.6101,-23.222
95.516,13.677,-23.222
98.5,17.744,-23.222
101.48,21.812,-23.222
38.345,-409.7,-22.199
36.409,-405.05,-22.002
34.473,-400.39,-21.939
32.537,-395.73,-21.875
30.601,-391.07,-21.976
28.665,-386.41,-21.937
26.729,-381.75,-21.899
24.793,-377.1,-21.984
22.857,-372.44,-21.924
20.921,-367.78,-21.923
18.985,-363.12,-21.999
17.05,-358.46,-21.911
15.114,-353.8,-21.947
13.178,-349.14,-22.014
11.242,-344.49,-21.899
9.3059,-339.83,-21.97
7.37,-335.17,-22.012
5.4341,-330.51,-21.897
3.4982,-325.85,-21.955
1.5623,-321.19,-21.987
-0.37359,-316.54,-21.898
-2.3095,-311.88,-21.943
-4.2454,-307.22,-21.965
-6.1813,-302.56,-21.888
-8.1172,-297.9,-21.959
-10.053,-293.24,-21.949
-11.989,-288.59,-21.877
-12.938,-283.63,-21.854
-13.626,-278.64,-21.852
-12.572,-273.71,-21.853
-10.888,-268.96,-21.852
-9.202,-264.2,-21.852
-7.5157,-259.45,-21.852
-5.8294,-254.69,-21.852
-4.1459,-249.94,-21.851
-2.726,-245.1,-21.858
-1.3091,-240.25,-21.858
0.10793,-235.41,-21.852
1.5249,-230.57,-21.858
2.9419,-225.73,-21.859
4.3589,-220.89,-21.852
5.7759,-216.05,-21.857
7.1929,-211.21,-21.859
8.6099,-206.36,-21.853
10.027,-201.52,-21.857
11.444,-196.68,-21.86
12.861,-191.84,-21.854
14.278,-187,-21.856
16.428,-182.44,-21.854
18.865,-178.02,-21.852
21.308,-173.61,-21.852
23.751,-169.19,-21.852
26.194,-164.78,-21.852
28.637,-160.36,-21.852
31.079,-155.95,-21.852
33.522,-151.54,-21.852
35.965,-147.12,-21.852
38.408,-142.71,-21.852
40.851,-138.3,-21.852
43.293,-133.88,-21.852
45.736,-129.47,-21.852
48.799,-125.46,-21.857
52.417,-121.95,-21.852
56.048,-118.45,-21.852
59.528,-114.79,-21.84
60.909,-109.95,-21.852
62.252,-105.09,-21.852
63.596,-100.23,-21.852
64.939,-95.365,-21.852
66.283,-90.502,-21.852
67.542,-85.617,-21.834
66.38,-80.719,-21.856
65.17,-75.821,-21.86
63.961,-70.924,-21.858
62.751,-66.026,-21.854
61.542,-61.129,-21.854
60.332,-56.231,-21.858
59.123,-51.334,-21.861
59.964,-46.371,-21.852
61.77,-41.661,-21.852
63.577,-36.951,-21.852
65.384,-32.241,-21.852
67.19,-27.531,-21.852
68.997,-22.821,-21.852
70.804,-18.111,-21.852
72.61,-13.401,-21.852
74.418,-8.6912,-21.852
76.482,-4.0889,-21.852
79.466,-0.021786,-21.852
82.45,4.0453,-21.852
85.435,8.1125,-21.852
88.419,12.18,-21.852
91.404,16.247,-21.852
94.388,20.314,-21.852
97.373,24.381,-21.837
34.233,-407.13,-20.654
32.297,-402.48,-20.72
30.361,-397.82,-20.732
28.425,-393.16,-20.669
26.489,-388.5,-20.718
24.553,-383.84,-20.721
22.617,-379.18,-20.684
20.681,-374.53,-20.727
18.745,-369.87,-20.71
16.81,-365.21,-20.698
14.874,-360.55,-20.736
12.938,-355.89,-20.713
11.002,-351.23,-20.704
9.0659,-346.58,-20.746
7.13,-341.92,-20.721
5.1941,-337.26,-20.686
3.2582,-332.6,-20.745
1.3223,-327.94,-20.709
-0.61357,-323.28,-20.696
-2.5495,-318.63,-20.735
-4.4854,-313.97,-20.698
-6.4213,-309.31,-20.705
-8.3572,-304.65,-20.724
-10.293,-299.99,-20.686
-12.229,-295.33,-20.715
-14.165,-290.68,-20.728
-16.101,-286.02,-20.675
-17.05,-281.07,-20.656
-17.738,-276.07,-20.654
-16.683,-271.14,-20.655
-15,-266.39,-20.654
-13.314,-261.63,-20.654
-11.628,-256.88,-20.654
-9.9414,-252.12,-20.654
-8.2579,-247.37,-20.653
-6.838,-242.53,-20.654
-5.4211,-237.69,-20.654
-4.0041,-232.84,-20.654
-2.5871,-228,-20.654
-1.1701,-223.16,-20.654
0.24687,-218.32,-20.654
1.6639,-213.48,-20.654
3.0808,-208.64,-20.654
4.4978,-203.79,-20.654
5.9148,-198.95,-20.654
7.3318,-194.11,-20.654
8.7488,-189.27,-20.654
10.166,-184.43,-20.654
12.316,-179.87,-20.656
14.753,-175.45,-20.654
17.196,-171.04,-20.654
19.639,-166.62,-20.654
22.082,-162.21,-20.654
24.524,-157.8,-20.654
26.967,-153.38,-20.654
29.41,-148.97,-20.654
31.853,-144.55,-20.654
34.296,-140.14,-20.654
36.738,-135.73,-20.654
39.181,-131.31,-20.654
41.624,-126.9,-20.654
44.686,-122.89,-20.659
48.304,-119.38,-20.654
51.936,-115.88,-20.654
55.416,-112.23,-20.644
56.797,-107.38,-20.654
58.14,-102.52,-20.654
59.484,-97.658,-20.654
60.827,-92.795,-20.654
62.171,-87.933,-20.654
63.43,-83.048,-20.639
62.268,-78.149,-20.659
61.059,-73.252,-20.659
59.849,-68.354,-20.654
58.639,-63.457,-20.656
57.43,-58.559,-20.657
56.22,-53.662,-20.662
55.011,-48.765,-20.657
55.852,-43.801,-20.654
57.659,-39.091,-20.654
59.465,-34.381,-20.654
61.272,-29.671,-20.654
63.079,-24.961,-20.654
64.885,-20.251,-20.654
66.692,-15.541,-20.654
68.498,-10.831,-20.654
70.306,-6.1217,-20.654
72.37,-1.5194,-20.654
75.354,2.5477,-20.654
78.339,6.6148,-20.654
81.323,10.682,-20.654
84.307,14.749,-20.654
87.292,18.816,-20.654
90.276,22.883,-20.654
93.261,26.95,-20.816
30.121,-404.56,-19.567
28.185,-399.91,-19.631
26.249,-395.25,-19.616
24.313,-390.59,-19.576
22.377,-385.93,-19.641
20.441,-381.27,-19.623
18.505,-376.61,-19.585
16.569,-371.96,-19.651
14.634,-367.3,-19.624
12.698,-362.64,-19.595
10.762,-357.98,-19.661
8.8259,-353.32,-19.616
6.89,-348.66,-19.592
4.9541,-344.01,-19.668
3.0182,-339.35,-19.608
1.0823,-334.69,-19.602
-0.85358,-330.03,-19.657
-2.7895,-325.37,-19.6
-4.7254,-320.71,-19.612
-6.6613,-316.06,-19.645
-8.5972,-311.4,-19.591
-10.533,-306.74,-19.621
-12.469,-302.08,-19.636
-14.405,-297.42,-19.584
-16.341,-292.76,-19.631
-18.277,-288.11,-19.628
-20.213,-283.45,-19.587
-21.162,-278.5,-19.568
-21.85,-273.5,-19.567
-20.795,-268.57,-19.567
-19.112,-263.82,-19.567
-17.426,-259.06,-19.567
-15.74,-254.31,-19.567
-14.053,-249.55,-19.567
-12.37,-244.8,-19.566
-10.95,-239.96,-19.567
-9.5331,-235.12,-19.567
-8.1161,-230.27,-19.567
-6.6991,-225.43,-19.567
-5.2821,-220.59,-19.567
-3.8651,-215.75,-19.567
-2.4482,-210.91,-19.567
-1.0312,-206.07,-19.567
0.38579,-201.23,-19.567
1.8028,-196.38,-19.567
3.2197,-191.54,-19.567
4.6367,-186.7,-19.567
6.0537,-181.86,-19.567
8.2041,-177.3,-19.568
10.641,-172.88,-19.567
13.084,-168.47,-19.567
15.527,-164.05,-19.567
17.969,-159.64,-19.567
20.412,-155.23,-19.567
22.855,-150.81,-19.567
25.298,-146.4,-19.567
27.741,-141.99,-19.567
30.183,-137.57,-19.567
32.626,-133.16,-19.567
35.069,-128.74,-19.567
37.512,-124.33,-19.567
40.574,-120.32,-19.571
44.192,-116.81,-19.567
47.823,-113.31,-19.567
51.304,-109.66,-19.557
52.685,-104.81,-19.567
54.028,-99.951,-19.567
55.372,-95.089,-19.567
56.715,-90.226,-19.567
58.059,-85.364,-19.567
59.318,-80.479,-19.552
58.156,-75.58,-19.572
56.947,-70.682,-19.569
55.737,-65.785,-19.57
54.528,-60.888,-19.569
53.318,-55.99,-19.57
52.108,-51.093,-19.571
50.899,-46.195,-19.567
51.74,-41.232,-19.567
53.547,-36.522,-19.567
55.353,-31.812,-19.567
57.16,-27.102,-19.567
58.967,-22.392,-19.567
60.773,-17.682,-19.567
62.58,-12.972,-19.567
64.387,-8.2618,-19.567
66.194,-3.5521,-19.567
68.258,1.0501,-19.567
71.242,5.1172,-19.567
74.227,9.1843,-19.567
77.211,13.251,-19.567
80.196,17.318,-19.567
83.18,21.386,-19.567
86.164,25.453,-19.567
89.149,29.52,-19.568
26.009,-402,-18.579
24.073,-397.34,-18.645
22.137,-392.68,-18.627
20.201,-388.02,-18.589
18.265,-383.36,-18.641
16.329,-378.7,-18.635
14.393,-374.05,-18.599
12.458,-369.39,-18.632
10.522,-364.73,-18.643
8.5858,-360.07,-18.609
6.6499,-355.41,-18.628
4.7141,-350.75,-18.635
2.7782,-346.1,-18.616
0.84228,-341.44,-18.635
-1.0936,-336.78,-18.626
-3.0295,-332.12,-18.606
-4.9654,-327.46,-18.643
-6.9013,-322.8,-18.617
-8.8372,-318.15,-18.606
-10.773,-313.49,-18.65
-12.709,-308.83,-18.608
-14.645,-304.17,-18.613
-16.581,-299.51,-18.658
-18.517,-294.85,-18.599
-20.452,-290.2,-18.62
-22.388,-285.54,-18.65
-24.324,-280.88,-18.599
-25.273,-275.93,-18.58
-25.961,-270.93,-18.579
-24.907,-266,-18.579
-23.224,-261.25,-18.579
-21.538,-256.49,-18.579
-19.852,-251.74,-18.579
-18.165,-246.98,-18.579
-16.482,-242.23,-18.578
-15.062,-237.39,-18.579
-13.645,-232.55,-18.579
-12.228,-227.71,-18.579
-10.811,-222.86,-18.579
-9.3941,-218.02,-18.579
-7.9772,-213.18,-18.579
-6.5602,-208.34,-18.579
-5.1432,-203.5,-18.579
-3.7262,-198.66,-18.579
-2.3093,-193.82,-18.579
-0.8923,-188.97,-18.579
0.52467,-184.13,-18.579
1.9416,-179.29,-18.579
4.092,-174.73,-18.58
6.5288,-170.31,-18.579
8.9716,-165.9,-18.579
11.414,-161.48,-18.579
13.857,-157.07,-18.579
16.3,-152.66,-18.579
18.743,-148.24,-18.579
21.186,-143.83,-18.579
23.628,-139.42,-18.579
26.071,-135,-18.579
28.514,-130.59,-18.579
30.957,-126.18,-18.579
33.4,-121.76,-18.579
36.462,-117.75,-18.582
40.08,-114.24,-18.579
43.711,-110.74,-18.579
47.191,-107.09,-18.57
48.573,-102.24,-18.579
49.916,-97.382,-18.579
51.26,-92.52,-18.579
52.603,-87.657,-18.579
53.946,-82.795,-18.579
55.206,-77.91,-18.566
54.044,-73.01,-18.585
52.835,-68.113,-18.583
51.625,-63.216,-18.581
50.416,-58.318,-18.581
49.206,-53.421,-18.582
47.996,-48.523,-18.585
46.787,-43.626,-18.579
47.628,-38.662,-18.579
49.435,-33.952,-18.579
51.242,-29.242,-18.579
53.048,-24.532,-18.579
54.855,-19.822,-18.579
56.661,-15.112,-18.579
58.468,-10.402,-18.579
60.275,-5.6923,-18.579
62.082,-0.98263,-18.579
64.146,3.6196,-18.579
67.13,7.6867,-18.579
70.115,11.754,-18.579
73.099,15.821,-18.579
76.084,19.888,-18.579
79.068,23.955,-18.579
82.052,28.022,-18.579
85.037,32.089,-18.579
21.897,-399.43,-17.688
19.961,-394.77,-17.746
18.025,-390.11,-17.741
16.089,-385.45,-17.687
14.153,-380.79,-17.753
12.217,-376.13,-17.732
10.282,-371.48,-17.695
8.3457,-366.82,-17.761
6.4098,-362.16,-17.724
4.474,-357.5,-17.702
2.5381,-352.84,-17.752
0.60221,-348.18,-17.718
-1.3337,-343.53,-17.71
-3.2696,-338.87,-17.743
-5.2054,-334.21,-17.712
-7.1413,-329.55,-17.717
-9.0772,-324.89,-17.736
-11.013,-320.23,-17.706
-12.949,-315.58,-17.725
-14.885,-310.92,-17.744
-16.821,-306.26,-17.701
-18.757,-301.6,-17.722
-20.692,-296.94,-17.753
-22.628,-292.28,-17.695
-24.564,-287.63,-17.718
-26.5,-282.97,-17.761
-28.436,-278.31,-17.689
-29.385,-273.36,-17.681
-30.073,-268.36,-17.679
-29.019,-263.43,-17.68
-27.336,-258.68,-17.679
-25.65,-253.92,-17.679
-23.964,-249.17,-17.679
-22.277,-244.42,-17.679
-20.594,-239.66,-17.679
-19.174,-234.82,-17.679
-17.757,-229.98,-17.679
-16.34,-225.14,-17.679
-14.923,-220.29,-17.679
-13.506,-215.45,-17.679
-12.089,-210.61,-17.679
-10.672,-205.77,-17.679
-9.2552,-200.93,-17.679
-7.8383,-196.09,-17.679
-6.4213,-191.25,-17.679
-5.0043,-186.4,-17.679
-3.5874,-181.56,-17.679
-2.1704,-176.72,-17.679
-0.02011,-172.16,-17.681
2.4167,-167.74,-17.679
4.8594,-163.33,-17.679
7.3022,-158.92,-17.679
9.745,-154.5,-17.679
12.188,-150.09,-17.679
14.631,-145.67,-17.679
17.073,-141.26,-17.679
19.516,-136.85,-17.679
21.959,-132.43,-17.679
24.402,-128.02,-17.679
26.845,-123.61,-17.679
29.287,-119.19,-17.679
32.349,-115.19,-17.683
35.967,-111.67,-17.679
39.599,-108.17,-17.679
43.079,-104.52,-17.672
44.461,-99.675,-17.679
45.804,-94.813,-17.679
47.148,-89.951,-17.679
48.491,-85.088,-17.679
49.834,-80.226,-17.679
51.094,-75.341,-17.668
49.932,-70.441,-17.686
48.723,-65.544,-17.691
47.513,-60.646,-17.684
46.304,-55.749,-17.679
45.094,-50.852,-17.683
43.885,-45.954,-17.689
42.675,-41.057,-17.687
43.516,-36.092,-17.679
45.323,-31.382,-17.679
47.13,-26.672,-17.679
48.936,-21.962,-17.679
50.743,-17.253,-17.679
52.55,-12.543,-17.679
54.356,-7.8327,-17.679
56.163,-3.1227,-17.679
57.97,1.5869,-17.68
60.034,6.1892,-17.679
63.019,10.256,-17.679
66.003,14.323,-17.679
68.987,18.39,-17.679
71.972,22.457,-17.679
74.956,26.524,-17.679
77.941,30.592,-17.679
80.925,34.659,-17.679
17.785,-396.86,-16.864
15.849,-392.2,-16.914
13.913,-387.54,-16.905
11.977,-382.88,-16.872
10.041,-378.22,-16.908
8.1056,-373.57,-16.899
6.1697,-368.91,-16.878
4.2339,-364.25,-16.903
2.298,-359.59,-16.893
0.36211,-354.93,-16.881
-1.5738,-350.27,-16.897
-3.5096,-345.62,-16.89
-5.4455,-340.96,-16.89
-7.3814,-336.3,-16.9
-9.3173,-331.64,-16.896
-11.253,-326.98,-16.898
-13.189,-322.32,-16.906
-15.125,-317.67,-16.9
-17.061,-313.01,-16.906
-18.997,-308.35,-16.911
-20.932,-303.69,-16.893
-22.868,-299.03,-16.915
-24.804,-294.37,-16.917
-26.74,-289.72,-16.887
-28.676,-285.06,-16.923
-30.612,-280.4,-16.922
-32.548,-275.74,-16.88
-33.497,-270.79,-16.865
-34.185,-265.79,-16.864
-33.131,-260.86,-16.865
-31.448,-256.11,-16.864
-29.762,-251.35,-16.864
-28.076,-246.6,-16.864
-26.389,-241.85,-16.864
-24.706,-237.09,-16.864
-23.286,-232.25,-16.864
-21.869,-227.41,-16.864
-20.452,-222.57,-16.864
-19.035,-217.73,-16.864
-17.618,-212.88,-16.864
-16.201,-208.04,-16.864
-14.784,-203.2,-16.864
-13.367,-198.36,-16.864
-11.95,-193.52,-16.864
-10.533,-188.68,-16.864
-9.1164,-183.84,-16.864
-7.6994,-178.99,-16.864
-6.2825,-174.15,-16.864
-4.1322,-169.59,-16.865
-1.6955,-165.17,-16.864
0.74728,-160.76,-16.864
3.1901,-156.35,-16.864
5.6328,-151.93,-16.864
8.0756,-147.52,-16.864
10.518,-143.11,-16.864
12.961,-138.69,-16.864
15.404,-134.28,-16.864
17.847,-129.87,-16.864
20.29,-125.45,-16.864
22.732,-121.04,-16.864
25.175,-116.62,-16.864
28.237,-112.62,-16.867
31.855,-109.1,-16.864
35.486,-105.6,-16.864
38.967,-101.95,-16.857
40.349,-97.106,-16.864
41.692,-92.244,-16.864
43.036,-87.382,-16.864
44.379,-82.519,-16.864
45.722,-77.657,-16.864
46.982,-72.772,-16.853
45.82,-67.872,-16.864
44.611,-62.974,-16.864
43.401,-58.077,-16.864
42.192,-53.18,-16.864
40.982,-48.282,-16.864
39.773,-43.385,-16.864
38.563,-38.487,-16.864
39.405,-33.523,-16.864
41.211,-28.813,-16.864
43.018,-24.103,-16.864
44.825,-19.393,-16.864
46.631,-14.683,-16.864
48.438,-9.973,-16.864
50.244,-5.2631,-16.864
52.051,-0.55317,-16.864
53.858,4.1564,-16.864
55.922,8.7587,-16.864
58.907,12.826,-16.864
61.891,16.893,-16.864
64.876,20.96,-16.864
67.86,25.027,-16.864
70.844,29.094,-16.864
73.829,33.161,-16.864
76.813,37.228,-16.864
13.673,-394.29,-16.121
11.737,-389.63,-16.16
9.8013,-384.97,-16.17
7.8654,-380.31,-16.127
5.9296,-375.65,-16.166
3.9937,-371,-16.176
2.0579,-366.34,-16.132
0.12198,-361.68,-16.172
-1.8139,-357.02,-16.174
-3.7497,-352.36,-16.138
-5.6856,-347.7,-16.178
-7.6215,-343.05,-16.167
-9.5573,-338.39,-16.143
-11.493,-333.73,-16.183
-13.429,-329.07,-16.16
-15.365,-324.41,-16.149
-17.301,-319.75,-16.185
-19.237,-315.1,-16.153
-21.173,-310.44,-16.154
-23.108,-305.78,-16.178
-25.044,-301.12,-16.146
-26.98,-296.46,-16.16
-28.916,-291.81,-16.172
-30.852,-287.15,-16.139
-32.788,-282.49,-16.158
-34.724,-277.83,-16.165
-36.659,-273.17,-16.132
-37.609,-268.22,-16.123
-38.297,-263.22,-16.121
-37.243,-258.3,-16.122
-35.56,-253.54,-16.121
-33.874,-248.79,-16.121
-32.188,-244.03,-16.121
-30.501,-239.28,-16.121
-28.818,-234.52,-16.121
-27.398,-229.68,-16.121
-25.981,-224.84,-16.121
-24.564,-220,-16.121
-23.147,-215.16,-16.121
-21.73,-210.32,-16.121
-20.313,-205.47,-16.121
-18.896,-200.63,-16.121
-17.479,-195.79,-16.121
-16.062,-190.95,-16.121
-14.645,-186.11,-16.121
-13.228,-181.27,-16.121
-11.811,-176.43,-16.121
-10.395,-171.58,-16.121
-8.2443,-167.02,-16.122
-5.8076,-162.61,-16.121
-3.3649,-158.19,-16.121
-0.92209,-153.78,-16.121
1.5207,-149.36,-16.121
3.9635,-144.95,-16.121
6.4062,-140.54,-16.121
8.849,-136.12,-16.121
11.292,-131.71,-16.121
13.735,-127.3,-16.121
16.177,-122.88,-16.121
18.62,-118.47,-16.121
21.063,-114.06,-16.121
24.125,-110.05,-16.124
27.743,-106.53,-16.121
31.374,-103.03,-16.121
34.854,-99.381,-16.115
36.237,-94.537,-16.121
37.58,-89.675,-16.121
38.924,-84.812,-16.121
40.267,-79.95,-16.121
41.61,-75.088,-16.121
42.87,-70.203,-16.112
41.708,-65.302,-16.121
40.499,-60.405,-16.121
39.289,-55.508,-16.121
38.08,-50.61,-16.121
36.87,-45.713,-16.121
35.661,-40.816,-16.121
34.451,-35.918,-16.121
35.293,-30.953,-16.121
37.099,-26.243,-16.121
38.906,-21.533,-16.121
40.713,-16.823,-16.121
42.519,-12.113,-16.121
44.326,-7.4034,-16.121
46.133,-2.6935,-16.121
47.939,2.0164,-16.121
49.747,6.7259,-16.122
51.811,11.328,-16.121
54.795,15.395,-16.121
57.779,19.462,-16.121
60.764,23.529,-16.121
63.748,27.596,-16.121
66.732,31.663,-16.121
69.717,35.73,-16.121
72.701,39.797,-16.224
9.5611,-391.72,-15.511
7.6253,-387.06,-15.501
5.6894,-382.4,-15.465
3.7535,-377.74,-15.453
1.8177,-373.08,-15.507
-0.11817,-368.43,-15.462
-2.054,-363.77,-15.459
-3.9899,-359.11,-15.512
-5.9257,-354.45,-15.458
-7.8616,-349.79,-15.465
-9.7975,-345.14,-15.505
-11.733,-340.48,-15.461
-13.669,-335.82,-15.471
-15.605,-331.16,-15.498
-17.541,-326.5,-15.465
-19.477,-321.84,-15.469
-21.413,-317.19,-15.491
-23.348,-312.53,-15.468
-25.284,-307.87,-15.467
-27.22,-303.21,-15.485
-29.156,-298.55,-15.465
-31.092,-293.89,-15.473
-33.028,-289.24,-15.481
-34.964,-284.58,-15.461
-36.899,-279.92,-15.479
-38.835,-275.26,-15.478
-40.771,-270.6,-15.457
-41.721,-265.65,-15.449
-42.409,-260.65,-15.448
-41.355,-255.73,-15.448
-39.672,-250.97,-15.448
-37.986,-246.22,-15.448
-36.3,-241.46,-15.448
-34.613,-236.71,-15.448
-32.93,-231.95,-15.447
-31.51,-227.11,-15.448
-30.093,-222.27,-15.448
-28.676,-217.43,-15.448
-27.259,-212.59,-15.448
-25.842,-207.75,-15.448
-24.425,-202.9,-15.448
-23.008,-198.06,-15.448
-21.591,-193.22,-15.448
-20.174,-188.38,-15.448
-18.757,-183.54,-15.448
-17.34,-178.7,-15.448
-15.924,-173.86,-15.448
-14.507,-169.02,-15.448
-12.356,-164.45,-15.448
-9.9198,-160.04,-15.448
-7.477,-155.62,-15.448
-5.0343,-151.21,-15.448
-2.5915,-146.8,-15.448
-0.14872,-142.38,-15.448
2.2941,-137.97,-15.448
4.7368,-133.55,-15.448
7.1796,-129.14,-15.448
9.6224,-124.73,-15.448
12.065,-120.31,-15.448
14.508,-115.9,-15.448
16.951,-111.49,-15.448
20.013,-107.48,-15.45
23.63,-103.96,-15.448
27.262,-100.46,-15.448
30.742,-96.812,-15.442
32.125,-91.968,-15.448
33.468,-87.106,-15.448
34.812,-82.243,-15.448
36.155,-77.381,-15.448
37.498,-72.519,-15.448
38.758,-67.634,-15.438
37.596,-62.733,-15.447
36.387,-57.836,-15.448
35.178,-52.938,-15.448
33.968,-48.041,-15.448
32.758,-43.144,-15.448
31.549,-38.246,-15.448
30.339,-33.349,-15.448
31.181,-28.383,-15.448
32.988,-23.673,-15.448
34.794,-18.964,-15.448
36.601,-14.254,-15.448
38.407,-9.5438,-15.448
40.214,-4.8339,-15.448
42.021,-0.12399,-15.448
43.827,4.5859,-15.448
45.635,9.2955,-15.448
47.699,13.898,-15.448
50.683,17.965,-15.448
53.667,22.032,-15.448
56.652,26.099,-15.448
59.636,30.166,-15.448
62.62,34.233,-15.448
65.605,38.3,-15.448
68.589,42.367,-15.456
5.4492,-389.15,-14.89
3.5134,-384.49,-14.861
1.5775,-379.83,-14.852
-0.35835,-375.17,-14.838
-2.2942,-370.52,-14.864
-4.2301,-365.86,-14.855
-6.1659,-361.2,-14.844
-8.1018,-356.54,-14.867
-10.038,-351.88,-14.859
-11.973,-347.22,-14.844
-13.909,-342.57,-14.871
-15.845,-337.91,-14.863
-17.781,-333.25,-14.839
-19.717,-328.59,-14.871
-21.653,-323.93,-14.859
-23.589,-319.27,-14.838
-25.524,-314.62,-14.867
-27.46,-309.96,-14.855
-29.396,-305.3,-14.841
-31.332,-300.64,-14.864
-33.268,-295.98,-14.85
-35.204,-291.33,-14.845
-37.14,-286.67,-14.86
-39.075,-282.01,-14.846
-41.011,-277.35,-14.848
-42.947,-272.69,-14.856
-44.883,-268.03,-14.842
-45.833,-263.08,-14.833
-46.521,-258.08,-14.832
-45.467,-253.16,-14.832
-43.784,-248.4,-14.832
-42.098,-243.65,-14.832
-40.412,-238.89,-14.832
-38.725,-234.14,-14.832
-37.042,-229.38,-14.831
-35.622,-224.54,-14.832
-34.205,-219.7,-14.832
-32.788,-214.86,-14.832
-31.371,-210.02,-14.832
-29.954,-205.18,-14.832
-28.537,-200.34,-14.832
-27.12,-195.49,-14.832
-25.703,-190.65,-14.832
-24.286,-185.81,-14.832
-22.869,-180.97,-14.832
-21.453,-176.13,-14.832
-20.036,-171.29,-14.832
-18.619,-166.45,-14.832
-16.469,-161.88,-14.832
-14.032,-157.47,-14.832
-11.589,-153.05,-14.832
-9.1464,-148.64,-14.832
-6.7036,-144.23,-14.832
-4.2609,-139.81,-14.832
-1.8181,-135.4,-14.832
0.62463,-130.99,-14.832
3.0674,-126.57,-14.832
5.5101,-122.16,-14.832
7.9529,-117.74,-14.832
10.396,-113.33,-14.832
12.838,-108.92,-14.832
15.9,-104.91,-14.834
19.518,-101.4,-14.832
23.149,-97.895,-14.832
26.63,-94.243,-14.826
28.013,-89.399,-14.832
29.356,-84.537,-14.832
30.7,-79.674,-14.832
32.043,-74.812,-14.832
33.386,-69.95,-14.832
34.646,-65.065,-14.823
33.485,-60.164,-14.832
32.275,-55.266,-14.832
31.066,-50.369,-14.832
29.856,-45.472,-14.832
28.647,-40.574,-14.832
27.437,-35.677,-14.832
26.227,-30.78,-14.832
27.069,-25.814,-14.832
28.876,-21.104,-14.832
30.682,-16.394,-14.832
32.489,-11.684,-14.832
34.296,-6.9742,-14.832
36.102,-2.2643,-14.832
37.909,2.4456,-14.832
39.715,7.1554,-14.832
41.523,11.865,-14.832
43.587,16.467,-14.832
46.571,20.534,-14.832
49.556,24.601,-14.832
52.54,28.668,-14.832
55.524,32.735,-14.832
58.509,36.802,-14.832
61.493,40.869,-14.832
64.477,44.936,-14.909
1.3373,-386.58,-14.591
-0.59856,-381.92,-14.306
-2.5344,-377.26,-14.301
-4.4703,-372.6,-14.274
-6.4061,-367.95,-14.31
-8.3419,-363.29,-14.305
-10.278,-358.63,-14.277
-12.214,-353.97,-14.314
-14.149,-349.31,-14.309
-16.085,-344.65,-14.274
-18.021,-340,-14.314
-19.957,-335.34,-14.305
-21.893,-330.68,-14.278
-23.829,-326.02,-14.31
-25.765,-321.36,-14.301
-27.7,-316.71,-14.282
-29.636,-312.05,-14.305
-31.572,-307.39,-14.296
-33.508,-302.73,-14.285
-35.444,-298.07,-14.301
-37.38,-293.41,-14.291
-39.315,-288.76,-14.289
-41.251,-284.1,-14.297
-43.187,-279.44,-14.287
-45.123,-274.78,-14.293
-47.059,-270.12,-14.293
-48.995,-265.47,-14.282
-49.944,-260.51,-14.271
-50.633,-255.52,-14.27
-49.579,-250.59,-14.271
-47.896,-245.83,-14.27
-46.21,-241.08,-14.27
-44.524,-236.32,-14.27
-42.837,-231.57,-14.27
-41.154,-226.81,-14.27
-39.734,-221.97,-14.27
-38.317,-217.13,-14.27
-36.9,-212.29,-14.27
-35.483,-207.45,-14.27
-34.066,-202.61,-14.27
-32.649,-197.77,-14.27
-31.232,-192.93,-14.27
-29.815,-188.08,-14.27
-28.398,-183.24,-14.27
-26.982,-178.4,-14.27
-25.565,-173.56,-14.27
-24.148,-168.72,-14.27
-22.731,-163.88,-14.27
-20.581,-159.31,-14.271
-18.144,-154.9,-14.27
-15.701,-150.48,-14.27
-13.259,-146.07,-14.27
-10.816,-141.66,-14.27
-8.3731,-137.24,-14.27
-5.9303,-132.83,-14.27
-3.4876,-128.42,-14.27
-1.0448,-124,-14.27
1.3979,-119.59,-14.27
3.8407,-115.18,-14.27
6.2834,-110.76,-14.27
8.7262,-106.35,-14.27
11.788,-102.34,-14.273
15.406,-98.827,-14.27
19.037,-95.326,-14.27
22.517,-91.674,-14.265
23.901,-86.83,-14.27
25.244,-81.968,-14.27
26.588,-77.105,-14.27
27.931,-72.243,-14.27
29.274,-67.381,-14.27
30.534,-62.496,-14.263
29.373,-57.594,-14.27
28.163,-52.697,-14.27
26.954,-47.8,-14.27
25.744,-42.902,-14.27
24.535,-38.005,-14.27
23.325,-33.108,-14.27
22.116,-28.21,-14.27
22.957,-23.244,-14.27
24.764,-18.534,-14.27
26.571,-13.824,-14.27
28.377,-9.1144,-14.27
30.184,-4.4046,-14.27
31.99,0.30527,-14.27
33.797,5.0151,-14.27
35.604,9.725,-14.27
37.411,14.434,-14.271
39.475,19.037,-14.27
42.459,23.104,-14.27
45.444,27.171,-14.27
48.428,31.238,-14.27
51.412,35.305,-14.27
54.397,39.372,-14.27
57.381,43.439,-14.27
60.365,47.506,-14.184
-2.7746,-384.01,-13.76
-4.7105,-379.35,-13.799
-6.6463,-374.69,-13.794
-8.5822,-370.03,-13.764
-10.518,-365.38,-13.803
-12.454,-360.72,-13.798
-14.39,-356.06,-13.768
-16.326,-351.4,-13.807
-18.261,-346.74,-13.803
-20.197,-342.09,-13.764
-22.133,-337.43,-13.808
-24.069,-332.77,-13.799
-26.005,-328.11,-13.769
-27.941,-323.45,-13.804
-29.876,-318.79,-13.794
-31.812,-314.14,-13.773
-33.748,-309.48,-13.799
-35.684,-304.82,-13.789
-37.62,-300.16,-13.777
-39.556,-295.5,-13.794
-41.491,-290.85,-13.784
-43.427,-286.19,-13.781
-45.363,-281.53,-13.79
-47.299,-276.87,-13.778
-49.235,-272.21,-13.785
-51.171,-267.55,-13.785
-53.106,-262.9,-13.773
-54.056,-257.94,-13.761
-54.745,-252.95,-13.76
-53.691,-248.02,-13.761
-52.008,-243.26,-13.76
-50.322,-238.51,-13.76
-48.636,-233.75,-13.76
-46.949,-229,-13.76
-45.266,-224.24,-13.76
-43.846,-219.4,-13.76
-42.429,-214.56,-13.76
-41.012,-209.72,-13.76
-39.595,-204.88,-13.76
-38.178,-200.04,-13.76
-36.761,-195.2,-13.76
-35.344,-190.36,-13.76
-33.927,-185.51,-13.76
-32.51,-180.67,-13.76
-31.094,-175.83,-13.76
-29.677,-170.99,-13.76
-28.26,-166.15,-13.76
-26.843,-161.31,-13.76
-24.693,-156.75,-13.761
-22.256,-152.33,-13.76
-19.813,-147.92,-13.76
-17.371,-143.5,-13.76
-14.928,-139.09,-13.76
-12.485,-134.67,-13.76
-10.042,-130.26,-13.76
-7.5998,-125.85,-13.76
-5.157,-121.43,-13.76
-2.7143,-117.02,-13.76
-0.27153,-112.61,-13.76
2.1712,-108.19,-13.76
4.614,-103.78,-13.76
7.6758,-99.772,-13.763
11.293,-96.258,-13.76
14.925,-92.757,-13.76
18.405,-89.105,-13.756
19.789,-84.261,-13.76
21.132,-79.398,-13.76
22.476,-74.536,-13.76
23.819,-69.674,-13.76
25.162,-64.812,-13.76
26.422,-59.927,-13.753
25.261,-55.025,-13.76
24.051,-50.127,-13.76
22.842,-45.23,-13.76
21.632,-40.333,-13.76
20.423,-35.436,-13.76
19.213,-30.538,-13.76
18.004,-25.641,-13.76
18.845,-20.674,-13.76
20.652,-15.965,-13.76
22.459,-11.255,-13.76
24.265,-6.5448,-13.76
26.072,-1.835,-13.76
27.878,2.8748,-13.76
29.685,7.5847,-13.76
31.492,12.295,-13.76
33.299,17.004,-13.761
35.363,21.606,-13.76
38.348,25.673,-13.76
41.332,29.74,-13.76
44.316,33.807,-13.76
47.3,37.874,-13.76
50.285,41.941,-13.76
53.269,46.008,-13.76
56.253,50.075,-13.76
-6.8866,-381.44,-13.163
-8.8224,-376.78,-13.335
-10.758,-372.12,-13.316
-12.694,-367.47,-13.301
-14.63,-362.81,-13.339
-16.566,-358.15,-13.314
-18.502,-353.49,-13.305
-20.437,-348.83,-13.344
-22.373,-344.17,-13.312
-24.309,-339.52,-13.31
-26.245,-334.86,-13.348
-28.181,-330.2,-13.311
-30.117,-325.54,-13.307
-32.052,-320.88,-13.351
-33.988,-316.23,-13.309
-35.924,-311.57,-13.306
-37.86,-306.91,-13.345
-39.796,-302.25,-13.307
-41.732,-297.59,-13.31
-43.667,-292.93,-13.34
-45.603,-288.28,-13.305
-47.539,-283.62,-13.315
-49.475,-278.96,-13.335
-51.411,-274.3,-13.303
-53.347,-269.64,-13.319
-55.282,-264.99,-13.33
-57.218,-260.33,-13.302
-58.168,-255.37,-13.298
-58.856,-250.38,-13.297
-57.803,-245.45,-13.298
-56.12,-240.69,-13.297
-54.434,-235.94,-13.297
-52.748,-231.19,-13.297
-51.061,-226.43,-13.297
-49.378,-221.68,-13.297
-47.958,-216.84,-13.297
-46.541,-211.99,-13.297
-45.124,-207.15,-13.297
-43.707,-202.31,-13.297
-42.29,-197.47,-13.297
-40.873,-192.63,-13.297
-39.456,-187.79,-13.297
-38.039,-182.95,-13.297
-36.623,-178.1,-13.297
-35.206,-173.26,-13.297
-33.789,-168.42,-13.297
-32.372,-163.58,-13.297
-30.955,-158.74,-13.297
-28.805,-154.18,-13.298
-26.368,-149.76,-13.297
-23.926,-145.35,-13.297
-21.483,-140.93,-13.297
-19.04,-136.52,-13.297
-16.597,-132.11,-13.297
-14.155,-127.69,-13.297
-11.712,-123.28,-13.297
-9.2692,-118.87,-13.297
-6.8265,-114.45,-13.297
-4.3837,-110.04,-13.297
-1.941,-105.62,-13.297
0.50172,-101.21,-13.297
3.5635,-97.204,-13.299
7.1809,-93.689,-13.297
10.812,-90.188,-13.297
14.292,-86.536,-13.293
15.677,-81.692,-13.297
17.02,-76.829,-13.297
18.364,-71.967,-13.297
19.707,-67.105,-13.297
21.05,-62.242,-13.297
22.31,-57.358,-13.291
21.149,-52.455,-13.297
19.939,-47.558,-13.297
18.73,-42.661,-13.297
17.52,-37.764,-13.297
16.311,-32.866,-13.297
15.101,-27.969,-13.297
13.892,-23.072,-13.297
14.734,-18.105,-13.297
16.54,-13.395,-13.297
18.347,-8.6851,-13.297
20.153,-3.9752,-13.297
21.96,0.73459,-13.297
23.767,5.4444,-13.297
25.573,10.154,-13.297
27.38,14.864,-13.297
29.187,19.574,-13.297
31.251,24.176,-13.297
34.236,28.243,-13.297
37.22,32.31,-13.297
40.204,36.377,-13.297
43.189,40.444,-13.297
46.173,44.511,-13.297
49.157,48.578,-13.297
52.141,52.644,-13.297
-10.998,-378.87,-12.881
-12.934,-374.21,-12.881
-14.87,-369.55,-12.891
-16.806,-364.9,-12.88
-18.742,-360.24,-12.88
-20.678,-355.58,-12.892
-22.613,-350.92,-12.885
-24.549,-346.26,-12.878
-26.485,-341.61,-12.893
-28.421,-336.95,-12.889
-30.357,-332.29,-12.876
-32.293,-327.63,-12.891
-34.228,-322.97,-12.894
-36.164,-318.31,-12.877
-38.1,-313.66,-12.889
-40.036,-309,-12.898
-41.972,-304.34,-12.879
-43.907,-299.68,-12.887
-45.843,-295.02,-12.897
-47.779,-290.37,-12.881
-49.715,-285.71,-12.885
-51.651,-281.05,-12.892
-53.587,-276.39,-12.883
-55.522,-271.73,-12.883
-57.458,-267.07,-12.888
-59.394,-262.42,-12.885
-61.33,-257.76,-12.881
-62.28,-252.81,-12.877
-62.968,-247.81,-12.876
-61.915,-242.88,-12.876
-60.232,-238.12,-12.876
-58.546,-233.37,-12.876
-56.86,-228.62,-12.876
-55.173,-223.86,-12.876
-53.49,-219.11,-12.876
-52.07,-214.27,-12.876
-50.653,-209.42,-12.876
-49.236,-204.58,-12.876
-47.819,-199.74,-12.876
-46.402,-194.9,-12.876
-44.985,-190.06,-12.876
-43.568,-185.22,-12.876
-42.151,-180.38,-12.876
-40.735,-175.54,-12.876
-39.318,-170.69,-12.876
-37.901,-165.85,-12.876
-36.484,-161.01,-12.876
-35.067,-156.17,-12.876
-32.917,-151.61,-12.876
-30.48,-147.19,-12.876
-28.038,-142.78,-12.876
-25.595,-138.36,-12.876
-23.152,-133.95,-12.876
-20.71,-129.54,-12.876
-18.267,-125.12,-12.876
-15.824,-120.71,-12.876
-13.381,-116.3,-12.876
-10.939,-111.88,-12.876
-8.496,-107.47,-12.876
-6.0532,-103.06,-12.876
-3.6105,-98.642,-12.876
-0.54882,-94.635,-12.878
3.0686,-91.12,-12.876
6.6999,-87.619,-12.876
10.18,-83.967,-12.872
11.565,-79.122,-12.876
12.908,-74.26,-12.876
14.252,-69.398,-12.876
15.595,-64.536,-12.876
16.938,-59.673,-12.876
18.198,-54.789,-12.87
17.037,-49.886,-12.876
15.828,-44.989,-12.876
14.618,-40.092,-12.876
13.409,-35.194,-12.876
12.199,-30.297,-12.876
10.989,-25.4,-12.876
9.7799,-20.503,-12.876
10.622,-15.535,-12.876
12.428,-10.825,-12.876
14.235,-6.1154,-12.876
16.042,-1.4056,-12.876
17.848,3.3042,-12.876
19.655,8.014,-12.876
21.461,12.724,-12.876
23.268,17.434,-12.876
25.075,22.143,-12.876
27.14,26.745,-12.876
30.124,30.812,-12.876
33.108,34.879,-12.876
36.092,38.946,-12.876
39.077,43.013,-12.876
42.061,47.08,-12.876
45.045,51.147,-12.876
48.03,55.214,-12.876
-15.11,-376.3,-12.49
-17.046,-371.64,-12.51
-18.982,-366.98,-12.49
-20.918,-362.33,-12.492
-22.854,-357.67,-12.511
-24.789,-353.01,-12.492
-26.725,-348.35,-12.493
-28.661,-343.69,-12.509
-30.597,-339.04,-12.494
-32.533,-334.38,-12.495
-34.469,-329.72,-12.507
-36.404,-325.06,-12.496
-38.34,-320.4,-12.497
-40.276,-315.75,-12.505
-42.212,-311.09,-12.498
-44.148,-306.43,-12.499
-46.083,-301.77,-12.503
-48.019,-297.11,-12.5
-49.955,-292.45,-12.501
-51.891,-287.8,-12.501
-53.827,-283.14,-12.5
-55.763,-278.48,-12.502
-57.698,-273.82,-12.498
-59.634,-269.16,-12.498
-61.57,-264.51,-12.504
-63.506,-259.85,-12.496
-65.442,-255.19,-12.496
-66.392,-250.24,-12.491
-67.08,-245.24,-12.49
-66.027,-240.31,-12.49
-64.344,-235.55,-12.49
-62.658,-230.8,-12.49
-60.972,-226.05,-12.49
-59.285,-221.29,-12.49
-57.602,-216.54,-12.49
-56.182,-211.7,-12.49
-54.765,-206.86,-12.49
-53.348,-202.01,-12.49
-51.931,-197.17,-12.49
-50.514,-192.33,-12.49
-49.097,-187.49,-12.49
-47.68,-182.65,-12.49
-46.264,-177.81,-12.49
-44.847,-172.97,-12.49
-43.43,-168.13,-12.49
-42.013,-163.28,-12.49
-40.596,-158.44,-12.49
-39.179,-153.6,-12.49
-37.029,-149.04,-12.49
-34.593,-144.62,-12.49
-32.15,-140.21,-12.49
-29.707,-135.79,-12.49
-27.264,-131.38,-12.49
-24.822,-126.97,-12.49
-22.379,-122.55,-12.49
-19.936,-118.14,-12.49
-17.494,-113.73,-12.49
-15.051,-109.31,-12.49
-12.608,-104.9,-12.49
-10.165,-100.49,-12.49
-7.7228,-96.073,-12.49
-4.6611,-92.066,-12.491
-1.0437,-88.551,-12.49
2.5875,-85.05,-12.49
6.0678,-81.398,-12.486
7.4529,-76.553,-12.49
8.7964,-71.691,-12.49
10.14,-66.829,-12.49
11.483,-61.967,-12.49
12.826,-57.104,-12.49
14.086,-52.22,-12.485
12.925,-47.317,-12.49
11.716,-42.419,-12.49
10.506,-37.522,-12.49
9.2966,-32.625,-12.49
8.0871,-27.728,-12.49
6.8775,-22.83,-12.49
5.668,-17.933,-12.49
6.51,-12.965,-12.49
8.3166,-8.2556,-12.49
10.123,-3.5458,-12.49
11.93,1.164,-12.49
13.736,5.8738,-12.49
15.543,10.584,-12.49
17.349,15.293,-12.49
19.156,20.003,-12.49
20.963,24.713,-12.49
23.028,29.315,-12.49
26.012,33.382,-12.49
28.996,37.449,-12.49
31.98,41.516,-12.49
34.965,45.583,-12.49
37.949,49.649,-12.49
40.933,53.716,-12.49
43.918,57.783,-12.755
-19.222,-373.73,-12.132
-21.158,-369.07,-12.155
-23.094,-364.42,-12.154
-25.03,-359.76,-12.134
-26.966,-355.1,-12.157
-28.901,-350.44,-12.152
-30.837,-345.78,-12.136
-32.773,-341.12,-12.159
-34.709,-336.47,-12.149
-36.645,-331.81,-12.138
-38.58,-327.15,-12.161
-40.516,-322.49,-12.147
-42.452,-317.83,-12.14
-44.388,-313.18,-12.163
-46.324,-308.52,-12.145
-48.259,-303.86,-12.142
-50.195,-299.2,-12.165
-52.131,-294.54,-12.143
-54.067,-289.89,-12.144
-56.003,-285.23,-12.167
-57.939,-280.57,-12.14
-59.874,-275.91,-12.146
-61.81,-271.25,-12.164
-63.746,-266.59,-12.138
-65.682,-261.94,-12.148
-67.618,-257.28,-12.162
-69.553,-252.62,-12.136
-70.504,-247.67,-12.132
-71.192,-242.67,-12.132
-70.139,-237.74,-12.132
-68.456,-232.99,-12.132
-66.77,-228.23,-12.132
-65.084,-223.48,-12.132
-63.397,-218.72,-12.132
-61.714,-213.97,-12.131
-60.294,-209.13,-12.132
-58.877,-204.29,-12.132
-57.46,-199.45,-12.132
-56.043,-194.6,-12.132
-54.626,-189.76,-12.132
-53.209,-184.92,-12.132
-51.792,-180.08,-12.132
-50.376,-175.24,-12.132
-48.959,-170.4,-12.132
-47.542,-165.56,-12.132
-46.125,-160.71,-12.132
-44.708,-155.87,-12.132
-43.291,-151.03,-12.132
-41.141,-146.47,-12.132
-38.705,-142.05,-12.132
-36.262,-137.64,-12.132
-33.819,-133.23,-12.132
-31.377,-128.81,-12.132
-28.934,-124.4,-12.132
-26.491,-119.99,-12.132
-24.049,-115.57,-12.132
-21.606,-111.16,-12.132
-19.163,-106.75,-12.132
-16.72,-102.33,-12.132
-14.278,-97.918,-12.132
-11.835,-93.505,-12.132
-8.7734,-89.497,-12.133
-5.1561,-85.982,-12.132
-1.5248,-82.481,-12.132
1.9555,-78.829,-12.129
3.3409,-73.984,-12.132
4.6844,-69.122,-12.132
6.0277,-64.26,-12.132
7.371,-59.398,-12.132
8.7143,-54.535,-12.132
9.974,-49.651,-12.131
8.8131,-44.747,-12.132
7.6038,-39.85,-12.132
6.3942,-34.953,-12.132
5.1847,-30.056,-12.132
3.9752,-25.158,-12.132
2.7656,-20.261,-12.132
1.5561,-15.364,-12.132
2.3982,-10.396,-12.132
4.2047,-5.686,-12.132
6.0113,-0.97618,-12.132
7.8179,3.7336,-12.132
9.6244,8.4434,-12.132
11.431,13.153,-12.132
13.238,17.863,-12.132
15.044,22.573,-12.132
16.852,27.282,-12.132
18.916,31.884,-12.132
21.9,35.951,-12.132
24.884,40.018,-12.132
27.869,44.085,-12.132
30.853,48.152,-12.132
33.837,52.219,-12.132
36.821,56.286,-12.132
39.806,60.353,-12.132
-23.334,-371.16,-11.819
-25.27,-366.5,-11.821
-27.206,-361.85,-11.844
-29.142,-357.19,-11.821
-31.077,-352.53,-11.82
-33.013,-347.87,-11.845
-34.949,-343.21,-11.823
-36.885,-338.56,-11.822
-38.821,-333.9,-11.842
-40.756,-329.24,-11.825
-42.692,-324.58,-11.824
-44.628,-319.92,-11.839
-46.564,-315.27,-11.827
-48.5,-310.61,-11.826
-50.435,-305.95,-11.836
-52.371,-301.29,-11.829
-54.307,-296.63,-11.829
-56.243,-291.97,-11.834
-58.179,-287.32,-11.831
-60.115,-282.66,-11.831
-62.05,-278,-11.831
-63.986,-273.34,-11.831
-65.922,-268.68,-11.833
-67.858,-264.03,-11.828
-69.794,-259.37,-11.829
-71.729,-254.71,-11.836
-73.665,-250.05,-11.826
-74.616,-245.1,-11.819
-75.304,-240.1,-11.817
-74.251,-235.17,-11.819
-72.568,-230.42,-11.819
-70.882,-225.66,-11.819
-69.196,-220.91,-11.819
-67.509,-216.15,-11.819
-65.826,-211.4,-11.819
-64.406,-206.56,-11.819
-62.989,-201.72,-11.819
-61.572,-196.88,-11.819
-60.155,-192.03,-11.819
-58.738,-187.19,-11.819
-57.321,-182.35,-11.819
-55.904,-177.51,-11.819
-54.488,-172.67,-11.819
-53.071,-167.83,-11.819
-51.654,-162.99,-11.819
-50.237,-158.15,-11.819
-48.82,-153.3,-11.819
-47.403,-148.46,-11.819
-45.253,-143.9,-11.819
-42.817,-139.48,-11.819
-40.374,-135.07,-11.819
-37.931,-130.66,-11.819
-35.489,-126.24,-11.819
-33.046,-121.83,-11.819
-30.603,-117.42,-11.819
-28.161,-113,-11.819
-25.718,-108.59,-11.819
-23.275,-104.18,-11.819
-20.833,-99.763,-11.819
-18.39,-95.349,-11.819
-15.947,-90.936,-11.819
-12.886,-86.928,-11.82
-9.2684,-83.413,-11.819
-5.6372,-79.912,-11.819
-2.1569,-76.26,-11.816
-0.77114,-71.415,-11.819
0.57235,-66.553,-11.819
1.9156,-61.691,-11.819
3.2589,-56.828,-11.819
4.6022,-51.966,-11.819
5.862,-47.082,-11.879
4.7012,-42.178,-11.819
3.4918,-37.281,-11.819
2.2823,-32.383,-11.819
1.0728,-27.486,-11.819
-0.13673,-22.589,-11.819
-1.3462,-17.692,-11.819
-2.5558,-12.795,-11.819
-1.7136,-7.8261,-11.819
0.092913,-3.1163,-11.819
1.8995,1.5934,-11.819
3.706,6.3032,-11.819
5.5126,11.013,-11.819
7.3191,15.723,-11.819
9.1257,20.432,-11.819
10.932,25.142,-11.819
12.74,29.852,-11.819
14.804,34.454,-11.819
17.788,38.521,-11.819
20.772,42.588,-11.819
23.757,46.655,-11.819
26.741,50.721,-11.819
29.725,54.788,-11.819
32.709,58.855,-11.819
35.694,62.922,-11.633
-27.446,-368.59,-11.525
-29.382,-363.93,-11.552
-31.318,-359.28,-11.535
-33.254,-354.62,-11.528
-35.189,-349.96,-11.554
-37.125,-345.3,-11.532
-39.061,-340.64,-11.53
-40.997,-335.99,-11.556
-42.933,-331.33,-11.529
-44.868,-326.67,-11.532
-46.804,-322.01,-11.558
-48.74,-317.35,-11.526
-50.676,-312.7,-11.534
-52.612,-308.04,-11.555
-54.547,-303.38,-11.523
-56.483,-298.72,-11.537
-58.419,-294.06,-11.552
-60.355,-289.41,-11.519
-62.291,-284.75,-11.539
-64.226,-280.09,-11.55
-66.162,-275.43,-11.515
-68.098,-270.77,-11.541
-70.034,-266.11,-11.547
-71.969,-261.46,-11.514
-73.905,-256.8,-11.544
-75.841,-252.14,-11.544
-77.777,-247.48,-11.494
-78.727,-242.53,-11.526
-79.416,-237.53,-11.525
-78.363,-232.6,-11.525
-76.68,-227.85,-11.525
-74.994,-223.09,-11.525
-73.308,-218.34,-11.525
-71.621,-213.58,-11.525
-69.938,-208.83,-11.525
-68.518,-203.99,-11.525
-67.101,-199.15,-11.525
-65.684,-194.31,-11.525
-64.267,-189.47,-11.525
-62.85,-184.62,-11.525
-61.433,-179.78,-11.525
-60.016,-174.94,-11.525
-58.6,-170.1,-11.525
-57.183,-165.26,-11.525
-55.766,-160.42,-11.525
-54.349,-155.58,-11.525
-52.932,-150.74,-11.525
-51.515,-145.89,-11.525
-49.365,-141.33,-11.526
-46.929,-136.91,-11.525
-44.486,-132.5,-11.525
-42.044,-128.09,-11.525
-39.601,-123.67,-11.525
-37.158,-119.26,-11.525
-34.716,-114.85,-11.525
-32.273,-110.43,-11.525
-29.83,-106.02,-11.525
-27.388,-101.61,-11.525
-24.945,-97.194,-11.525
-22.502,-92.78,-11.525
-20.059,-88.367,-11.525
-16.998,-84.359,-11.526
-13.381,-80.844,-11.525
-9.7495,-77.343,-11.525
-6.2692,-73.691,-11.523
-4.8831,-68.846,-11.525
-3.5397,-63.984,-11.525
-2.1964,-59.122,-11.525
-0.85307,-54.259,-11.525
0.49022,-49.397,-11.525
1.75,-44.513,-11.544
0.58925,-39.609,-11.525
-0.62006,-34.711,-11.525
-1.8296,-29.814,-11.525
-3.0391,-24.917,-11.525
-4.2486,-20.02,-11.525
-5.4581,-15.123,-11.525
-6.6677,-10.225,-11.525
-5.8255,-5.2564,-11.504
-4.0189,-0.54668,-11.525
-2.2124,4.1631,-11.525
-0.40582,8.8728,-11.525
1.4007,13.583,-11.525
3.2073,18.292,-11.525
5.0138,23.002,-11.525
6.8204,27.712,-11.525
8.6278,32.421,-11.525
10.692,37.023,-11.525
13.676,41.09,-11.525
16.661,45.157,-11.525
19.645,49.224,-11.525
22.629,53.291,-11.525
25.613,57.358,-11.525
28.598,61.425,-11.525
31.582,65.492,-11.525
-31.558,-366.02,-11.26
-33.494,-361.37,-11.25
-35.43,-356.71,-11.226
-37.365,-352.05,-11.262
-39.301,-347.39,-11.246
-41.237,-342.73,-11.229
-43.173,-338.08,-11.264
-45.109,-333.42,-11.242
-47.044,-328.76,-11.233
-48.98,-324.1,-11.267
-50.916,-319.44,-11.237
-52.852,-314.78,-11.236
-54.788,-310.13,-11.269
-56.723,-305.47,-11.233
-58.659,-300.81,-11.239
-60.595,-296.15,-11.271
-62.531,-291.49,-11.229
-64.467,-286.84,-11.242
-66.402,-282.18,-11.268
-68.338,-277.52,-11.225
-70.274,-272.86,-11.245
-72.21,-268.2,-11.265
-74.145,-263.55,-11.221
-76.081,-258.89,-11.249
-78.017,-254.23,-11.263
-79.953,-249.57,-11.217
-81.889,-244.91,-11.239
-82.839,-239.96,-11.26
-83.528,-234.96,-11.252
-82.475,-230.03,-11.26
-80.792,-225.28,-11.26
-79.106,-220.52,-11.26
-77.42,-215.77,-11.26
-75.733,-211.02,-11.26
-74.05,-206.26,-11.26
-72.63,-201.42,-11.26
-71.213,-196.58,-11.26
-69.796,-191.74,-11.26
-68.379,-186.9,-11.26
-66.962,-182.06,-11.26
-65.545,-177.21,-11.26
-64.129,-172.37,-11.26
-62.712,-167.53,-11.26
-61.295,-162.69,-11.26
-59.878,-157.85,-11.26
-58.461,-153.01,-11.26
-57.044,-148.17,-11.26
-55.627,-143.33,-11.26
-53.478,-138.76,-11.26
-51.041,-134.35,-11.26
-48.598,-129.93,-11.26
-46.156,-125.52,-11.26
-43.713,-121.11,-11.26
-41.27,-116.69,-11.26
-38.828,-112.28,-11.26
-36.385,-107.87,-11.26
-33.942,-103.45,-11.26
-31.5,-99.038,-11.26
-29.057,-94.625,-11.26
-26.614,-90.212,-11.26
-24.172,-85.798,-11.26
-21.11,-81.79,-11.261
-17.493,-78.275,-11.26
-13.862,-74.774,-11.26
-10.382,-71.122,-11.257
-8.9951,-66.277,-11.26
-7.6517,-61.415,-11.26
-6.3084,-56.552,-11.26
-4.9651,-51.69,-11.26
-3.6218,-46.828,-11.26
-2.362,-41.944,-11.294
-3.5226,-37.039,-11.26
-4.732,-32.142,-11.26
-5.9415,-27.245,-11.26
-7.151,-22.348,-11.26
-8.3605,-17.45,-11.26
-9.57,-12.553,-11.26
-10.78,-7.6561,-11.216
-9.9373,-2.6868,-11.26
-8.1308,2.023,-11.26
-6.3242,6.7327,-11.26
-4.5177,11.442,-11.26
-2.7111,16.152,-11.26
-0.90457,20.862,-11.26
0.90197,25.572,-11.26
2.7085,30.281,-11.26
4.516,34.991,-11.26
6.5803,39.593,-11.26
9.5645,43.66,-11.26
12.549,47.727,-11.26
15.533,51.793,-11.26
18.517,55.86,-11.26
21.501,59.927,-11.26
24.486,63.994,-11.26
27.47,68.061,-11.26
-35.67,-363.45,-10.948
-37.606,-358.8,-10.924
-39.542,-354.14,-10.959
-41.477,-349.48,-10.956
-43.413,-344.82,-10.927
-45.349,-340.16,-10.954
-47.285,-335.51,-10.952
-49.22,-330.85,-10.93
-51.156,-326.19,-10.949
-53.092,-321.53,-10.948
-55.028,-316.87,-10.933
-56.964,-312.22,-10.945
-58.899,-307.56,-10.944
-60.835,-302.9,-10.937
-62.771,-298.24,-10.94
-64.707,-293.58,-10.94
-66.643,-288.93,-10.94
-68.578,-284.27,-10.93
-70.514,-279.61,-10.936
-72.45,-274.95,-10.943
-74.386,-270.29,-10.917
-76.321,-265.63,-10.932
-78.257,-260.98,-10.946
-80.193,-256.32,-10.926
-82.129,-251.66,-10.927
-84.065,-247,-10.946
-86,-242.34,-10.936
-86.951,-237.39,-10.961
-87.639,-232.39,-10.96
-86.587,-227.46,-10.96
-84.904,-222.71,-10.96
-83.218,-217.95,-10.96
-81.532,-213.2,-10.96
-79.845,-208.45,-10.96
-78.162,-203.69,-10.96
-76.742,-198.85,-10.96
-75.325,-194.01,-10.96
-73.908,-189.17,-10.96
-72.491,-184.33,-10.96
-71.074,-179.49,-10.96
-69.657,-174.64,-10.96
-68.241,-169.8,-10.96
-66.824,-164.96,-10.96
-65.407,-160.12,-10.96
-63.99,-155.28,-10.96
-62.573,-150.44,-10.96
-61.156,-145.6,-10.96
-59.739,-140.76,-10.96
-57.59,-136.19,-10.961
-55.153,-131.78,-10.96
-52.711,-127.36,-10.96
-50.268,-122.95,-10.96
-47.825,-118.54,-10.96
-45.383,-114.12,-10.96
-42.94,-109.71,-10.96
-40.497,-105.3,-10.96
-38.055,-100.88,-10.96
-35.612,-96.47,-10.96
-33.169,-92.056,-10.96
-30.727,-87.643,-10.96
-28.284,-83.229,-10.96
-25.223,-79.221,-10.962
-21.605,-75.706,-10.96
-17.974,-72.205,-10.96
-14.494,-68.553,-10.957
-13.107,-63.708,-10.96
-11.764,-58.846,-10.96
-10.42,-53.983,-10.96
-9.0771,-49.121,-10.96
-7.7338,-44.259,-10.96
-6.4741,-39.375,-10.996
-7.6346,-34.47,-10.96
-8.8439,-29.573,-10.96
-10.053,-24.675,-10.96
-11.263,-19.778,-10.96
-12.472,-14.881,-10.96
-13.682,-9.984,-10.96
-14.891,-5.0869,-10.96
-14.049,-0.11711,-10.96
-12.243,4.5926,-10.96
-10.436,9.3023,-10.96
-8.6295,14.012,-10.96
-6.823,18.722,-10.96
-5.0164,23.431,-10.96
-3.2099,28.141,-10.96
-1.4034,32.851,-10.96
0.40409,37.56,-10.96
2.4684,42.162,-10.96
5.4526,46.229,-10.96
8.4369,50.296,-10.96
11.421,54.363,-10.96
14.405,58.43,-10.96
17.39,62.497,-10.96
20.374,66.564,-10.96
23.358,70.63,-10.873
-39.782,-360.88,-10.496
-41.718,-356.23,-10.571
-43.653,-351.57,-10.522
-45.589,-346.91,-10.622
-47.525,-342.25,-10.566
-49.461,-337.59,-10.532
-51.397,-332.94,-10.618
-53.332,-328.28,-10.561
-55.268,-323.62,-10.541
-57.204,-318.96,-10.613
-59.14,-314.3,-10.556
-61.075,-309.65,-10.551
-63.011,-304.99,-10.608
-64.947,-300.33,-10.545
-66.883,-295.67,-10.561
-68.819,-291.01,-10.603
-70.754,-286.36,-10.532
-72.69,-281.7,-10.57
-74.626,-277.04,-10.598
-76.562,-272.38,-10.518
-78.497,-267.72,-10.58
-80.433,-263.07,-10.593
-82.369,-258.41,-10.505
-84.305,-253.75,-10.59
-86.241,-249.09,-10.588
-88.176,-244.43,-10.491
-90.112,-239.78,-10.6
-91.063,-234.82,-10.624
-91.751,-229.83,-10.621
-90.699,-224.89,-10.624
-89.016,-220.14,-10.624
-87.33,-215.39,-10.624
-85.643,-210.63,-10.624
-83.957,-205.88,-10.624
-82.274,-201.12,-10.623
-80.854,-196.28,-10.624
-79.437,-191.44,-10.624
-78.02,-186.6,-10.624
-76.603,-181.76,-10.624
-75.186,-176.92,-10.624
-73.769,-172.08,-10.624
-72.353,-167.23,-10.624
-70.936,-162.39,-10.624
-69.519,-157.55,-10.624
-68.102,-152.71,-10.624
-66.685,-147.87,-10.624
-65.268,-143.03,-10.624
-63.851,-138.19,-10.624
-61.702,-133.62,-10.624
-59.265,-129.21,-10.624
-56.823,-124.79,-10.624
-54.38,-120.38,-10.624
-51.937,-115.97,-10.624
-49.495,-111.55,-10.624
-47.052,-107.14,-10.624
-44.609,-102.73,-10.624
-42.167,-98.314,-10.624
-39.724,-93.901,-10.624
-37.281,-89.487,-10.624
-34.839,-85.074,-10.624
-32.396,-80.66,-10.624
-29.335,-76.652,-10.625
-25.718,-73.137,-10.624
-22.087,-69.636,-10.624
-18.606,-65.984,-10.62
-17.219,-61.139,-10.624
-15.876,-56.276,-10.624
-14.532,-51.414,-10.624
-13.189,-46.552,-10.624
-11.846,-41.69,-10.624
-10.586,-36.806,-10.62
-11.746,-31.9,-10.624
-12.956,-27.003,-10.624
-14.165,-22.106,-10.624
-15.375,-17.209,-10.624
-16.584,-12.312,-10.624
-17.794,-7.4147,-10.624
-19.003,-2.5176,-10.624
-18.161,2.4525,-10.624
-16.354,7.1622,-10.624
-14.548,11.872,-10.624
-12.741,16.582,-10.624
-10.935,21.291,-10.624
-9.1283,26.001,-10.624
-7.3218,30.711,-10.624
-5.5152,35.42,-10.624
-3.7078,40.13,-10.624
-1.6434,44.732,-10.624
1.3408,48.799,-10.624
4.325,52.866,-10.624
7.3092,56.932,-10.624
10.293,60.999,-10.624
13.278,65.066,-10.624
16.262,69.133,-10.624
19.246,73.2,-10.624
-43.894,-358.32,-10.076
-45.83,-353.66,-10.074
-47.765,-349,-10.098
-49.701,-344.34,-10.177
-51.637,-339.68,-10.084
-53.573,-335.03,-10.106
-55.508,-330.37,-10.172
-57.444,-325.71,-10.093
-59.38,-321.05,-10.114
-61.316,-316.39,-10.161
-63.252,-311.74,-10.103
-65.187,-307.08,-10.122
-67.123,-302.42,-10.148
-69.059,-297.76,-10.113
-70.995,-293.1,-10.13
-72.93,-288.44,-10.134
-74.866,-283.79,-10.122
-76.802,-279.13,-10.138
-78.738,-274.47,-10.12
-80.673,-269.81,-10.132
-82.609,-265.15,-10.146
-84.545,-260.5,-10.107
-86.481,-255.84,-10.128
-88.417,-251.18,-10.154
-90.352,-246.52,-10.093
-92.288,-241.86,-10.118
-94.224,-237.21,-10.162
-95.175,-232.25,-10.183
-95.863,-227.26,-10.182
-94.811,-222.33,-10.183
-93.128,-217.57,-10.182
-91.442,-212.82,-10.182
-89.755,-208.06,-10.182
-88.069,-203.31,-10.182
-86.386,-198.55,-10.182
-84.966,-193.71,-10.182
-83.549,-188.87,-10.182
-82.132,-184.03,-10.182
-80.715,-179.19,-10.182
-79.298,-174.35,-10.182
-77.881,-169.51,-10.182
-76.465,-164.67,-10.182
-75.048,-159.82,-10.182
-73.631,-154.98,-10.182
-72.214,-150.14,-10.182
-70.797,-145.3,-10.182
-69.38,-140.46,-10.182
-67.963,-135.62,-10.182
-65.814,-131.06,-10.183
-63.378,-126.64,-10.182
-60.935,-122.23,-10.182
-58.492,-117.81,-10.182
-56.05,-113.4,-10.182
-53.607,-108.99,-10.182
-51.164,-104.57,-10.182
-48.722,-100.16,-10.182
-46.279,-95.745,-10.182
-43.836,-91.332,-10.182
-41.394,-86.918,-10.182
-38.951,-82.505,-10.182
-36.508,-78.092,-10.182
-33.447,-74.083,-10.184
-29.83,-70.568,-10.182
-26.199,-67.067,-10.182
-22.719,-63.415,-10.178
-21.331,-58.569,-10.182
-19.988,-53.707,-10.182
-18.644,-48.845,-10.182
-17.301,-43.983,-10.182
-15.958,-39.121,-10.182
-14.698,-34.237,-10.176
-15.858,-29.331,-10.182
-17.068,-24.434,-10.182
-18.277,-19.537,-10.182
-19.487,-14.64,-10.182
-20.696,-9.7425,-10.182
-21.906,-4.8454,-10.182
-23.115,0.051705,-10.182
-22.273,5.0222,-10.182
-20.466,9.7319,-10.182
-18.66,14.442,-10.182
-16.853,19.151,-10.182
-15.047,23.861,-10.182
-13.24,28.571,-10.182
-11.434,33.28,-10.182
-9.6271,37.99,-10.182
-7.8197,42.699,-10.182
-5.7553,47.301,-10.182
-2.7711,51.368,-10.182
0.21314,55.435,-10.182
3.1973,59.502,-10.182
6.1815,63.569,-10.182
9.1657,67.636,-10.182
12.15,71.702,-10.182
15.134,75.769,-10.182
-48.006,-355.75,-9.6478
-49.942,-351.09,-9.5608
-51.877,-346.43,-9.5597
-53.813,-341.77,-9.6355
-55.749,-337.11,-9.5688
-57.685,-332.46,-9.547
-59.62,-327.8,-9.6378
-61.556,-323.14,-9.5769
-63.492,-318.48,-9.5507
-65.428,-313.82,-9.6273
-67.363,-309.17,-9.5849
-69.299,-304.51,-9.5621
-71.235,-299.85,-9.6168
-73.171,-295.19,-9.5929
-75.106,-290.53,-9.5736
-77.042,-285.88,-9.6063
-78.978,-281.22,-9.6009
-80.914,-276.56,-9.585
-82.849,-271.9,-9.5958
-84.785,-267.24,-9.605
-86.721,-262.59,-9.5964
-88.657,-257.93,-9.5853
-90.593,-253.27,-9.5978
-92.528,-248.61,-9.6079
-94.464,-243.95,-9.5748
-96.4,-239.3,-9.5906
-98.336,-234.64,-9.6193
-99.287,-229.68,-9.6487
-99.975,-224.69,-9.6478
-98.923,-219.76,-9.6482
-97.24,-215,-9.6478
-95.554,-210.25,-9.6478
-93.867,-205.49,-9.6478
-92.181,-200.74,-9.6478
-90.498,-195.98,-9.6474
-89.078,-191.14,-9.6478
-87.661,-186.3,-9.6478
-86.244,-181.46,-9.6478
-84.827,-176.62,-9.6478
-83.41,-171.78,-9.6478
-81.993,-166.94,-9.6478
-80.577,-162.1,-9.6478
-79.16,-157.26,-9.6478
-77.743,-152.41,-9.6478
-76.326,-147.57,-9.6478
-74.909,-142.73,-9.6478
-73.492,-137.89,-9.6478
-72.075,-133.05,-9.6478
-69.926,-128.49,-9.6486
-67.49,-124.07,-9.6478
-65.047,-119.66,-9.6478
-62.604,-115.24,-9.6478
-60.162,-110.83,-9.6478
-57.719,-106.42,-9.6478
-55.276,-102,-9.6478
-52.834,-97.59,-9.6478
-50.391,-93.176,-9.6478
-47.949,-88.763,-9.6478
-45.506,-84.349,-9.6478
-43.063,-79.936,-9.6478
-40.621,-75.523,-9.6478
-37.559,-71.514,-9.6501
-33.942,-67.999,-9.6478
-30.311,-64.498,-9.6478
-26.831,-60.846,-9.6421
-25.443,-56,-9.6477
-24.1,-51.138,-9.6478
-22.756,-46.276,-9.6478
-21.413,-41.414,-9.6478
-20.07,-36.552,-9.6478
-18.81,-31.668,-9.6395
-19.97,-26.762,-9.6477
-21.18,-21.864,-9.6478
-22.389,-16.967,-9.6478
-23.599,-12.07,-9.6478
-24.808,-7.1732,-9.6478
-26.018,-2.2761,-9.6478
-27.227,2.621,-9.6478
-26.385,7.5919,-9.6478
-24.578,12.302,-9.6478
-22.772,17.011,-9.6478
-20.965,21.721,-9.6478
-19.159,26.43,-9.6478
-17.352,31.14,-9.6478
-15.545,35.85,-9.6478
-13.739,40.559,-9.6478
-11.932,45.269,-9.6479
-9.8671,49.871,-9.6478
-6.8829,53.938,-9.6478
-3.8987,58.005,-9.6478
-0.91454,62.071,-9.6478
2.0697,66.138,-9.6478
5.0538,70.205,-9.6478
8.038,74.272,-9.6478
11.022,78.339,-9.3711
-52.118,-353.18,-9.0816
-54.053,-348.52,-8.8815
-55.989,-343.86,-8.9041
-57.925,-339.2,-8.977
-59.861,-334.54,-8.8688
-61.796,-329.89,-8.9127
-63.732,-325.23,-8.9699
-65.668,-320.57,-8.8652
-67.604,-315.91,-8.9214
-69.539,-311.25,-8.9627
-71.475,-306.6,-8.8766
-73.411,-301.94,-8.9301
-75.347,-297.28,-8.9555
-77.283,-292.62,-8.888
-79.218,-287.96,-8.9387
-81.154,-283.31,-8.9483
-83.09,-278.65,-8.8995
-85.026,-273.99,-8.9474
-86.961,-269.33,-8.9412
-88.897,-264.67,-8.9109
-90.833,-260.02,-8.9561
-92.769,-255.36,-8.934
-94.704,-250.7,-8.9223
-96.64,-246.04,-8.9647
-98.576,-241.38,-8.9257
-100.51,-236.73,-8.922
-102.45,-232.07,-8.9734
-103.4,-227.12,-8.9855
-104.09,-222.12,-8.9842
-103.03,-217.19,-8.9848
-101.35,-212.43,-8.9842
-99.666,-207.68,-8.9842
-97.979,-202.92,-8.9842
-96.293,-198.17,-8.9842
-94.61,-193.41,-8.9837
-93.19,-188.57,-8.9842
-91.773,-183.73,-8.9842
-90.356,-178.89,-8.9842
-88.939,-174.05,-8.9842
-87.522,-169.21,-8.9842
-86.105,-164.37,-8.9842
-84.689,-159.53,-8.9842
-83.272,-154.69,-8.9842
-81.855,-149.85,-8.9842
-80.438,-145,-8.9842
-79.021,-140.16,-8.9842
-77.604,-135.32,-8.9842
-76.187,-130.48,-8.9842
-74.038,-125.92,-8.9853
-71.602,-121.5,-8.9842
-69.159,-117.09,-8.9842
-66.717,-112.67,-8.9842
-64.274,-108.26,-8.9842
-61.831,-103.85,-8.9842
-59.389,-99.434,-8.9842
-56.946,-95.021,-8.9842
-54.503,-90.607,-8.9842
-52.061,-86.194,-8.9842
-49.618,-81.781,-8.9842
-47.175,-77.367,-8.9842
-44.733,-72.954,-8.9842
-41.672,-68.945,-8.9874
-38.055,-65.43,-8.9842
-34.424,-61.929,-8.9842
-30.943,-58.277,-8.9766
-29.555,-53.431,-8.9842
-28.212,-48.569,-8.9842
-26.868,-43.707,-8.9842
-25.525,-38.845,-8.9842
-24.182,-33.983,-8.9842
-22.922,-29.098,-8.9731
-24.082,-24.192,-8.9842
-25.292,-19.295,-8.9842
-26.501,-14.398,-8.9842
-27.711,-9.5009,-8.9842
-28.92,-4.6039,-8.9842
-30.129,0.29319,-8.9842
-31.339,5.1903,-8.9842
-30.496,10.162,-8.9842
-28.69,14.871,-8.9842
-26.883,19.581,-8.9842
-25.077,24.29,-8.9842
-23.27,29,-8.9842
-21.464,33.71,-8.9842
-19.657,38.419,-8.9842
-17.851,43.129,-8.9842
-16.043,47.838,-8.9844
-13.979,52.44,-8.9842
-10.995,56.507,-8.9842
-8.0106,60.574,-8.9842
-5.0264,64.641,-8.9842
-2.0422,68.708,-8.9842
0.94194,72.774,-8.9842
3.9261,76.841,-8.9842
6.9103,80.908,-9.0816
-56.23,-350.61,-8.2033
-58.165,-345.95,-8.1406
-60.101,-341.29,-8.1099
-62.037,-336.63,-8.1906
-63.973,-331.98,-8.1493
-65.908,-327.32,-8.1221
-67.844,-322.66,-8.1796
-69.78,-318,-8.1532
-71.716,-313.34,-8.1343
-73.651,-308.69,-8.1865
-75.587,-304.03,-8.1443
-77.523,-299.37,-8.1465
-79.459,-294.71,-8.1764
-81.394,-290.05,-8.1353
-83.33,-285.4,-8.1498
-85.266,-280.74,-8.1663
-87.202,-276.08,-8.1263
-89.137,-271.42,-8.141
-91.073,-266.76,-8.1562
-93.009,-262.11,-8.1173
-94.945,-257.45,-8.1523
-96.88,-252.79,-8.1462
-98.816,-248.13,-8.1035
-100.75,-243.47,-8.1636
-102.69,-238.82,-8.1361
-104.62,-234.16,-8.0888
-106.56,-229.5,-8.175
-107.51,-224.55,-8.2047
-108.2,-219.55,-8.2033
-107.15,-214.62,-8.2039
-105.46,-209.86,-8.2033
-103.78,-205.11,-8.2033
-102.09,-200.35,-8.2033
-100.41,-195.6,-8.2033
-98.722,-190.85,-8.2027
-97.302,-186.01,-8.2033
-95.885,-181.16,-8.2033
-94.468,-176.32,-8.2033
-93.051,-171.48,-8.2033
-91.634,-166.64,-8.2033
-90.218,-161.8,-8.2033
-88.801,-156.96,-8.2033
-87.384,-152.12,-8.2033
-85.967,-147.28,-8.2033
-84.55,-142.44,-8.2033
-83.133,-137.59,-8.2033
-81.716,-132.75,-8.2033
-80.299,-127.91,-8.2033
-78.15,-123.35,-8.2045
-75.714,-118.93,-8.2033
-73.271,-114.52,-8.2033
-70.829,-110.11,-8.2033
-68.386,-105.69,-8.2033
-65.943,-101.28,-8.2033
-63.501,-96.865,-8.2033
-61.058,-92.452,-8.2033
-58.616,-88.038,-8.2033
-56.173,-83.625,-8.2033
-53.73,-79.212,-8.2033
-51.288,-74.798,-8.2033
-48.845,-70.385,-8.2033
-45.784,-66.376,-8.2069
-42.167,-62.861,-8.2033
-38.536,-59.36,-8.2033
-35.056,-55.708,-8.1948
-33.667,-50.862,-8.2033
-32.324,-46,-8.2033
-30.98,-41.138,-8.2033
-29.637,-36.276,-8.2033
-28.294,-31.414,-8.2033
-27.034,-26.529,-8.1909
-28.194,-21.623,-8.2033
-29.403,-16.726,-8.1942
-30.613,-11.829,-8.1895
-31.822,-6.9316,-8.1993
-33.032,-2.0346,-8.2033
-34.241,2.8625,-8.1995
-35.451,7.7595,-8.1888
-34.608,12.731,-8.2033
-32.802,17.441,-8.2033
-30.995,22.15,-8.2033
-29.189,26.86,-8.2033
-27.382,31.57,-8.2033
-25.576,36.279,-8.2033
-23.769,40.989,-8.2033
-21.963,45.698,-8.2033
-20.155,50.408,-8.2035
-18.091,55.01,-8.2033
-15.107,59.077,-8.2033
-12.122,63.144,-8.2033
-9.1383,67.21,-8.2033
-6.1541,71.277,-8.2033
-3.17,75.344,-8.2033
-0.18579,79.411,-8.2033
2.7984,83.477,-8.2033
-60.342,-348.04,-7.2817
-62.277,-343.38,-7.2193
-64.213,-338.72,-7.178
-66.149,-334.06,-7.2854
-68.084,-329.41,-7.2059
-70.02,-324.75,-7.1699
-71.956,-320.09,-7.2764
-73.892,-315.43,-7.1925
-75.827,-310.77,-7.1852
-77.763,-306.12,-7.2674
-79.699,-301.46,-7.1791
-81.635,-296.8,-7.2005
-83.57,-292.14,-7.2563
-85.506,-287.48,-7.1754
-87.442,-282.83,-7.2158
-89.378,-278.17,-7.2417
-91.313,-273.51,-7.1867
-93.249,-268.85,-7.231
-95.185,-264.19,-7.2271
-97.121,-259.54,-7.1981
-99.056,-254.88,-7.2463
-100.99,-250.22,-7.2125
-102.93,-245.56,-7.2094
-104.86,-240.9,-7.2596
-106.8,-236.25,-7.1979
-108.74,-231.59,-7.2208
-110.67,-226.93,-7.2695
-111.62,-221.98,-7.2961
-112.31,-216.98,-7.2944
-111.26,-212.05,-7.2952
-109.58,-207.29,-7.2944
-107.89,-202.54,-7.2944
-106.2,-197.79,-7.2944
-104.52,-193.03,-7.2944
-102.83,-188.28,-7.2938
-101.41,-183.44,-7.2944
-99.997,-178.59,-7.2944
-98.58,-173.75,-7.2944
-97.163,-168.91,-7.2944
-95.746,-164.07,-7.2944
-94.33,-159.23,-7.2944
-92.913,-154.39,-7.2944
-91.496,-149.55,-7.2944
-90.079,-144.71,-7.2944
-88.662,-139.87,-7.2944
-87.245,-135.02,-7.2944
-85.828,-130.18,-7.2944
-84.411,-125.34,-7.2944
-82.262,-120.78,-7.2959
-79.826,-116.36,-7.2944
-77.384,-111.95,-7.2944
-74.941,-107.54,-7.2944
-72.498,-103.12,-7.2944
-70.056,-98.709,-7.2944
-67.613,-94.296,-7.2944
-65.17,-89.883,-7.2944
-62.728,-85.469,-7.2944
-60.285,-81.056,-7.2944
-57.843,-76.643,-7.2944
-55.4,-72.229,-7.2944
-52.957,-67.816,-7.2944
-49.896,-63.807,-7.2987
-46.279,-60.292,-7.2944
-42.648,-56.791,-7.2944
-39.168,-53.139,-7.2843
-37.779,-48.293,-7.2944
-36.436,-43.431,-7.2944
-35.092,-38.569,-7.2944
-33.749,-33.707,-7.2944
-32.406,-28.845,-7.2944
-31.146,-23.96,-7.2793
-32.306,-19.053,-7.284
-33.515,-14.156,-7.2931
-34.725,-9.2593,-7.2866
-35.934,-4.3623,-7.291
-37.144,0.53475,-7.2885
-38.353,5.4318,-7.2887
-39.563,10.329,-7.2911
-38.72,15.301,-7.2944
-36.914,20.01,-7.2944
-35.107,24.72,-7.2944
-33.301,29.43,-7.2944
-31.494,34.139,-7.2944
-29.688,38.849,-7.2944
-27.881,43.558,-7.2944
-26.075,48.268,-7.2944
-24.267,52.977,-7.2946
-22.203,57.579,-7.2944
-19.218,61.646,-7.2944
-16.234,65.713,-7.2944
-13.25,69.78,-7.2944
-10.266,73.847,-7.2944
-7.2819,77.913,-7.2944
-4.2977,81.98,-7.2944
-1.3135,86.047,-7.0408
-64.453,-345.47,-6.2306
-66.389,-340.81,-6.089
-68.325,-336.15,-6.1941
-70.261,-331.49,-6.2217
-72.196,-326.84,-6.0926
-74.132,-322.18,-6.2
-76.068,-317.52,-6.2083
-78.004,-312.86,-6.1079
-79.939,-308.2,-6.2059
-81.875,-303.55,-6.2098
-83.811,-298.89,-6.1231
-85.747,-294.23,-6.2117
-87.682,-289.57,-6.2005
-89.618,-284.91,-6.1348
-91.554,-280.26,-6.2164
-93.489,-275.6,-6.1881
-95.425,-270.94,-6.1447
-97.361,-266.28,-6.2193
-99.297,-261.63,-6.1757
-101.23,-256.97,-6.1547
-103.17,-252.31,-6.2222
-105.1,-247.65,-6.1633
-107.04,-242.99,-6.1647
-108.98,-238.34,-6.225
-110.91,-233.68,-6.1508
-112.85,-229.02,-6.1736
-114.78,-224.36,-6.2279
-115.73,-219.41,-6.2371
-116.42,-214.41,-6.2351
-115.37,-209.48,-6.236
-113.69,-204.72,-6.2351
-112,-199.97,-6.2351
-110.32,-195.22,-6.2351
-108.63,-190.46,-6.2351
-106.95,-185.71,-6.2344
-105.53,-180.87,-6.2351
-104.11,-176.03,-6.2351
-102.69,-171.18,-6.2351
-101.28,-166.34,-6.2351
-99.858,-161.5,-6.2351
-98.442,-156.66,-6.2351
-97.025,-151.82,-6.2351
-95.608,-146.98,-6.2351
-94.191,-142.14,-6.2351
-92.774,-137.3,-6.2351
-91.357,-132.46,-6.2351
-89.94,-127.61,-6.2351
-88.524,-122.77,-6.2351
-86.374,-118.21,-6.2369
-83.938,-113.79,-6.2351
-81.496,-109.38,-6.2351
-79.053,-104.97,-6.2351
-76.61,-100.55,-6.2351
-74.168,-96.14,-6.2351
-71.725,-91.727,-6.2351
-69.283,-87.314,-6.2351
-66.84,-82.901,-6.2351
-64.397,-78.487,-6.2351
-61.955,-74.074,-6.2351
-59.512,-69.661,-6.2351
-57.07,-65.247,-6.2351
-54.009,-61.238,-6.2401
-50.392,-57.723,-6.2351
-46.761,-54.222,-6.2351
-43.28,-50.57,-6.2233
-41.891,-45.724,-6.2351
-40.548,-40.862,-6.2351
-39.204,-36,-6.2351
-37.861,-31.138,-6.2351
-36.518,-26.276,-6.2351
-35.258,-21.391,-6.2177
-36.418,-16.484,-6.2288
-37.627,-11.587,-6.2335
-38.837,-6.69,-6.2255
-40.046,-1.793,-6.2321
-41.256,3.1041,-6.23
-42.465,8.0011,-6.2328
-43.675,12.898,-6.2295
-42.832,17.87,-6.2351
-41.025,22.58,-6.2351
-39.219,27.29,-6.2351
-37.412,31.999,-6.2351
-35.606,36.709,-6.2351
-33.799,41.418,-6.2351
-31.993,46.128,-6.2351
-30.186,50.838,-6.2351
-28.379,55.547,-6.2354
-26.315,60.149,-6.2351
-23.33,64.216,-6.2351
-20.346,68.282,-6.2351
-17.362,72.349,-6.2351
-14.378,76.416,-6.2351
-11.394,80.483,-6.2351
-8.4096,84.55,-6.2351
-5.4255,88.616,-6.2351
-68.565,-342.9,-5
-70.503,-338.24,-5
-72.441,-333.57,-5
-74.38,-328.91,-5
-76.318,-324.24,-5
-78.256,-319.58,-5
-80.194,-314.92,-5
-82.132,-310.25,-5
-84.07,-305.59,-5
-86.008,-300.93,-5
-87.946,-296.26,-5
-89.884,-291.6,-5
-91.822,-286.94,-5
-93.76,-282.27,-5
-95.698,-277.61,-5
-97.636,-272.95,-5
-99.574,-268.28,-5
-101.51,-263.62,-5
-103.45,-258.95,-5
-105.39,-254.29,-5
-107.33,-249.63,-5
-109.26,-244.96,-5
-111.2,-240.3,-5
-113.14,-235.64,-5
-115.08,-230.97,-5
-117.02,-226.31,-5
-118.95,-221.65,-5
-119.87,-216.71,-5
-120.55,-211.7,-5
-119.48,-206.88,-5
-117.79,-202.12,-5
-116.1,-197.36,-5
-114.41,-192.6,-5
-112.72,-187.84,-5
-111.04,-183.08,-5
-109.62,-178.23,-5
-108.2,-173.39,-5
-106.78,-168.54,-5
-105.36,-163.69,-5
-103.94,-158.85,-5
-102.53,-154,-5
-101.11,-149.15,-5
-99.689,-144.3,-5
-98.27,-139.46,-5
-96.852,-134.61,-5
-95.433,-129.76,-5
-94.015,-124.92,-5
-92.596,-120.07,-5
-90.435,-115.53,-5
-87.989,-111.11,-5
-85.544,-106.7,-5
-83.098,-102.28,-5
-80.653,-97.858,-5
-78.207,-93.44,-5
-75.762,-89.021,-5
-73.316,-84.603,-5
-70.87,-80.184,-5
-68.425,-75.765,-5
-65.979,-71.347,-5
-63.534,-66.928,-5
-61.088,-62.509,-5
-58.035,-58.558,-5
-54.399,-55.052,-5
-50.763,-51.547,-5
-47.321,-47.926,-5
-45.976,-43.059,-5
-44.632,-38.191,-5
-43.287,-33.323,-5
-41.942,-28.455,-5
-40.597,-23.587,-5
-39.343,-18.718,-5
-40.554,-13.815,-5
-41.765,-8.9122,-5
-42.976,-4.0093,-5
-44.187,0.89363,-5
-45.398,5.7965,-5
-46.609,10.699,-5
-47.82,15.602,-5
-46.968,20.377,-5
-45.159,25.092,-5
-43.351,29.808,-5
-41.542,34.523,-5
-39.733,39.238,-5
-37.925,43.953,-5
-36.116,48.669,-5
-34.307,53.384,-5
-32.499,58.099,-5
-30.452,62.684,-5
-27.464,66.756,-5
-24.476,70.827,-5
-21.488,74.899,-5
-18.501,78.971,-5
-15.513,83.042,-5
-12.525,87.114,-5
-9.5374,91.186,-5
