34.114,47.228,-30
34.901,54.233,-30
35.781,61.32,-30
29.852,47.594,-27.5
30.644,54.645,-27.503
31.519,61.687,-27.5
25.59,47.961,-25
26.382,55.012,-25.003
27.257,62.053,-25.102
21.328,48.328,-22.5
22.12,55.379,-22.503
22.995,62.42,-22.653
17.066,48.694,-20
17.858,55.745,-20.003
18.733,62.787,-20
12.804,49.061,-17.5
13.596,56.112,-17.503
14.471,63.153,-17.5
8.5414,49.428,-15
9.3338,56.479,-15.003
10.209,63.52,-15
4.2794,49.794,-12.5
5.0717,56.845,-12.503
5.9468,63.887,-12.5
0.017292,50.161,-10
0.80966,57.212,-10.003
1.6847,64.253,-9.7959
-4.2448,50.528,-7.5
-3.4524,57.579,-7.5029
-2.5774,64.62,-7.3469
-8.5069,50.895,-5
-7.7145,57.945,-5.0029
-6.8394,64.987,-5
-12.769,51.261,-2.5
-11.977,58.312,-2.5029
-11.102,65.353,-2.5
-17.031,51.628,-0
-16.244,58.633,0
-15.364,65.72,-0
