35.749,-199.17,-30
33.416,-204.23,-30
31.082,-209.28,-30
28.749,-214.33,-30
27.865,-219.71,-30
27.732,-225.28,-30
27.599,-230.84,-30
27.467,-236.4,-30
27.334,-241.96,-30
27.201,-247.52,-30
27.068,-253.08,-30
26.936,-258.65,-30
31.334,-198.15,-29.525
29.199,-202.77,-29.525
27.064,-207.39,-29.525
24.928,-212.01,-29.525
23.739,-216.93,-29.552
23.371,-221.99,-29.525
23.249,-227.08,-29.525
23.128,-232.17,-29.525
23.007,-237.26,-29.525
22.885,-242.35,-29.525
22.764,-247.44,-29.525
22.642,-252.53,-29.525
22.521,-257.62,-29.525
26.919,-197.12,-29
24.784,-201.74,-29
22.649,-206.37,-29
20.513,-210.99,-29
19.325,-215.9,-29.031
18.956,-220.97,-29
18.835,-226.06,-29
18.713,-231.15,-29
18.592,-236.24,-29
18.47,-241.33,-29
18.349,-246.41,-29
18.227,-251.5,-29
18.106,-256.59,-29
22.504,-196.1,-28.414
20.369,-200.72,-28.414
18.234,-205.34,-28.414
16.098,-209.96,-28.414
14.911,-214.87,-28.449
14.541,-219.94,-28.414
14.42,-225.03,-28.414
14.298,-230.12,-28.414
14.177,-235.21,-28.414
14.055,-240.3,-28.414
13.934,-245.39,-28.414
13.812,-250.48,-28.414
13.691,-255.57,-28.414
18.089,-195.07,-27.736
15.954,-199.69,-27.757
13.819,-204.31,-27.757
11.684,-208.94,-27.757
10.496,-213.85,-27.796
10.126,-218.92,-27.757
10.005,-224,-27.757
9.8832,-229.09,-27.757
9.7617,-234.18,-27.757
9.6403,-239.27,-27.757
9.5188,-244.36,-27.757
9.3974,-249.45,-27.757
9.2759,-254.54,-27.757
13.674,-194.05,-27.022
11.539,-198.67,-27.022
9.4038,-203.29,-27.022
7.2686,-207.91,-27.022
6.0817,-212.82,-27.064
5.7112,-217.89,-27.022
5.5897,-222.98,-27.022
5.4682,-228.07,-27.022
5.3468,-233.16,-27.022
5.2253,-238.25,-27.022
5.1039,-243.34,-27.022
4.9824,-248.43,-27.022
4.861,-253.52,-27.022
9.2592,-193.02,-26.19
7.124,-197.64,-26.19
4.9889,-202.26,-26.19
2.8537,-206.88,-26.19
1.6672,-211.8,-26.241
1.2962,-216.86,-26.19
1.1748,-221.95,-26.19
1.0533,-227.04,-26.19
0.93185,-232.13,-26.19
0.8104,-237.22,-26.19
0.68894,-242.31,-26.19
0.56749,-247.4,-26.19
0.44603,-252.49,-26.19
4.8443,-191.99,-25.257
2.7091,-196.62,-25.257
0.57393,-201.24,-25.257
-1.5612,-205.86,-25.257
-2.7472,-210.77,-25.312
-3.1187,-215.84,-25.257
-3.2402,-220.93,-25.257
-3.3616,-226.02,-25.257
-3.4831,-231.11,-25.257
-3.6045,-236.2,-25.257
-3.726,-241.29,-25.257
-3.8475,-246.37,-25.257
-3.9689,-251.46,-25.257
0.42933,-190.97,-24.182
-1.7058,-195.59,-24.205
-3.841,-200.21,-24.205
-5.9762,-204.83,-24.205
-7.1617,-209.75,-24.268
-7.5337,-214.81,-24.205
-7.6551,-219.9,-24.205
-7.7766,-224.99,-24.205
-7.898,-230.08,-24.205
-8.0195,-235.17,-24.205
-8.1409,-240.26,-24.205
-8.2624,-245.35,-24.205
-8.3838,-250.44,-24.205
-3.9856,-189.94,-23.019
-6.1208,-194.56,-23.022
-8.2559,-199.18,-23.022
-10.391,-203.81,-23.022
-11.576,-208.72,-23.093
-11.949,-213.79,-23.022
-12.07,-218.88,-23.022
-12.192,-223.96,-23.022
-12.313,-229.05,-23.022
-12.434,-234.14,-23.022
-12.556,-239.23,-23.022
-12.677,-244.32,-23.022
-12.799,-249.41,-23.022
-8.4005,-188.92,-21.678
-10.536,-193.54,-21.684
-12.671,-198.16,-21.684
-14.806,-202.78,-21.684
-15.991,-207.69,-21.765
-16.364,-212.76,-21.684
-16.485,-217.85,-21.684
-16.606,-222.94,-21.684
-16.728,-228.03,-21.684
-16.849,-233.12,-21.684
-16.971,-238.21,-21.684
-17.092,-243.3,-21.684
-17.214,-248.39,-21.684
-12.815,-187.89,-20.174
-14.951,-192.51,-20.174
-17.086,-197.13,-20.174
-19.221,-201.75,-20.174
-20.405,-206.67,-20.265
-20.778,-211.73,-20.174
-20.9,-216.82,-20.174
-21.021,-221.91,-20.174
-21.143,-227,-20.174
-21.264,-232.09,-20.174
-21.386,-237.18,-20.174
-21.507,-242.27,-20.174
-21.629,-247.36,-20.174
-17.23,-186.86,-18.343
-19.366,-191.49,-18.378
-21.501,-196.11,-18.378
-23.636,-200.73,-18.378
-24.819,-205.64,-18.487
-25.193,-210.71,-18.378
-25.315,-215.8,-18.378
-25.436,-220.89,-18.378
-25.558,-225.98,-18.378
-25.679,-231.07,-18.378
-25.801,-236.16,-18.378
-25.922,-241.25,-18.378
-26.044,-246.33,-18.378
-21.645,-185.84,-16.154
-23.781,-190.46,-16.154
-25.916,-195.08,-16.154
-28.051,-199.7,-16.154
-29.234,-204.62,-16.295
-29.608,-209.68,-16.154
-29.73,-214.77,-16.154
-29.851,-219.86,-16.154
-29.973,-224.95,-16.154
-30.094,-230.04,-16.154
-30.216,-235.13,-16.154
-30.337,-240.22,-16.154
-30.459,-245.31,-16.154
-26.06,-184.81,-13.398
-28.195,-189.43,-13.423
-30.331,-194.06,-13.423
-32.466,-198.68,-13.423
-33.648,-203.59,-13.584
-34.023,-208.66,-13.415
-34.145,-213.75,-13.414
-34.266,-218.84,-13.416
-34.388,-223.93,-13.417
-34.509,-229.01,-13.419
-34.631,-234.1,-13.42
-34.752,-239.19,-13.422
-34.873,-244.28,-13.423
-30.475,-183.79,-10.199
-32.61,-188.41,-10.199
-34.746,-193.03,-10.199
-36.881,-197.65,-10.199
-38.063,-202.56,-10.394
-38.438,-207.63,-10.196
-38.56,-212.72,-10.195
-38.681,-217.81,-10.193
-38.803,-222.9,-10.193
-38.924,-227.99,-10.194
-39.046,-233.08,-10.196
-39.167,-238.17,-10.197
-39.288,-243.26,-10.199
-34.89,-182.76,-6.1224
-37.025,-187.38,-6.3423
-39.16,-192,-6.3423
-41.296,-196.63,-6.3423
-42.477,-201.54,-6.5828
-42.853,-206.6,-6.3392
-42.975,-211.69,-6.3406
-43.096,-216.78,-6.342
-43.218,-221.87,-6.3413
-43.339,-226.96,-6.3399
-43.46,-232.05,-6.3395
-43.582,-237.14,-6.3409
-43.703,-242.23,-6.3423
-39.305,-181.73,-0
-41.638,-186.78,0
-43.972,-191.84,0
-46.305,-196.89,0
-47.189,-202.27,0
-47.322,-207.83,0
-47.455,-213.4,0
-47.587,-218.96,0
-47.72,-224.52,0
-47.853,-230.08,0
-47.986,-235.64,0
-48.118,-241.21,0
