192.03,40.463,-30
187.11,42.066,-30
182.2,43.669,-30
177.28,45.271,-30
172.36,46.874,-30
167.44,48.477,-30
162.53,50.079,-30
157.61,51.682,-30
152.69,53.285,-30
147.78,54.887,-30
142.86,56.49,-30
137.94,58.093,-30
133.03,59.695,-30
128.11,61.298,-30
123.19,62.901,-30
118.27,64.503,-30
113.36,66.106,-30
108.44,67.709,-30
103.52,69.311,-30
98.606,70.914,-30
93.722,72.584,-30
89.422,75.457,-30
85.122,78.331,-30
80.823,81.205,-30
77.122,84.741,-30
73.828,88.728,-30
70.533,92.714,-30
67.239,96.701,-30
63.945,100.69,-30
60.65,104.67,-30
57.356,108.66,-30
192.7,35.681,-28.715
187.94,37.231,-28.717
183.19,38.782,-28.716
178.43,40.332,-28.717
173.68,41.882,-28.717
168.92,43.433,-28.716
164.16,44.983,-28.716
159.41,46.533,-28.715
154.65,48.084,-28.716
149.89,49.634,-28.715
145.14,51.184,-28.717
140.38,52.735,-28.716
135.62,54.285,-28.716
130.87,55.835,-28.717
126.11,57.386,-28.715
121.35,58.936,-28.716
116.6,60.486,-28.715
111.84,62.037,-28.717
107.08,63.587,-28.716
102.33,65.138,-28.717
97.58,66.712,-28.724
93.034,68.711,-28.715
88.875,71.49,-28.715
84.715,74.27,-28.715
80.678,77.203,-28.784
77.149,80.74,-28.715
73.962,84.596,-28.715
70.775,88.453,-28.715
67.588,92.309,-28.715
64.402,96.166,-28.715
61.215,100.02,-28.716
58.028,103.88,-28.715
193.37,30.899,-27.442
188.62,32.449,-27.443
183.86,33.999,-27.442
179.1,35.55,-27.443
174.35,37.1,-27.443
169.59,38.65,-27.442
164.83,40.201,-27.442
160.08,41.751,-27.441
155.32,43.301,-27.443
150.57,44.852,-27.441
145.81,46.402,-27.443
141.05,47.952,-27.442
136.3,49.503,-27.442
131.54,51.053,-27.443
126.78,52.603,-27.441
122.03,54.154,-27.442
117.27,55.704,-27.441
112.51,57.255,-27.443
107.76,58.805,-27.442
103,60.355,-27.443
98.252,61.93,-27.451
93.706,63.929,-27.441
89.547,66.708,-27.441
85.387,69.488,-27.441
81.351,72.42,-27.51
77.821,75.958,-27.441
74.634,79.814,-27.441
71.447,83.67,-27.442
68.261,87.527,-27.441
65.074,91.383,-27.441
61.887,95.24,-27.442
58.7,99.096,-27.441
194.05,26.116,-26.178
189.29,27.667,-26.181
184.53,29.217,-26.179
179.78,30.767,-26.18
175.02,32.318,-26.18
170.26,33.868,-26.179
165.51,35.418,-26.179
160.75,36.969,-26.179
155.99,38.519,-26.181
151.24,40.069,-26.179
146.48,41.62,-26.181
141.72,43.17,-26.18
136.97,44.72,-26.18
132.21,46.271,-26.18
127.45,47.821,-26.179
122.7,49.372,-26.18
117.94,50.922,-26.179
113.19,52.472,-26.181
108.43,54.023,-26.18
103.67,55.573,-26.18
98.924,57.148,-26.188
94.379,59.146,-26.179
90.219,61.926,-26.178
86.059,64.705,-26.178
82.023,67.638,-26.247
78.493,71.175,-26.179
75.306,75.032,-26.179
72.119,78.888,-26.179
68.933,82.745,-26.179
65.746,86.601,-26.179
62.559,90.457,-26.179
59.372,94.314,-26.178
194.72,21.334,-24.927
189.96,22.884,-24.93
185.2,24.435,-24.928
180.45,25.985,-24.929
175.69,27.535,-24.929
170.94,29.086,-24.928
166.18,30.636,-24.928
161.42,32.186,-24.928
156.67,33.737,-24.93
151.91,35.287,-24.928
147.15,36.837,-24.93
142.4,38.388,-24.929
137.64,39.938,-24.928
132.88,41.489,-24.929
128.13,43.039,-24.928
123.37,44.589,-24.929
118.61,46.14,-24.927
113.86,47.69,-24.93
109.1,49.24,-24.928
104.34,50.791,-24.929
99.596,52.365,-24.936
95.051,54.364,-24.928
90.891,57.143,-24.927
86.732,59.923,-24.927
82.695,62.856,-24.995
79.165,66.393,-24.928
75.978,70.249,-24.928
72.791,74.106,-24.928
69.605,77.962,-24.927
66.418,81.819,-24.928
63.231,85.675,-24.928
60.045,89.532,-24.927
195.39,16.552,-23.687
190.63,18.102,-23.69
185.88,19.652,-23.688
181.12,21.203,-23.689
176.36,22.753,-23.689
171.61,24.303,-23.688
166.85,25.854,-23.689
162.09,27.404,-23.688
157.34,28.954,-23.69
152.58,30.505,-23.688
147.83,32.055,-23.69
143.07,33.606,-23.689
138.31,35.156,-23.688
133.56,36.706,-23.688
128.8,38.257,-23.688
124.04,39.807,-23.689
119.29,41.357,-23.688
114.53,42.908,-23.69
109.77,44.458,-23.689
105.02,46.008,-23.689
100.27,47.583,-23.696
95.723,49.582,-23.688
91.563,52.361,-23.687
87.404,55.141,-23.687
83.367,58.074,-23.755
79.837,61.611,-23.688
76.65,65.467,-23.688
73.464,69.324,-23.688
70.277,73.18,-23.688
67.09,77.036,-23.688
63.903,80.893,-23.688
60.717,84.749,-23.687
196.06,11.769,-22.463
191.31,13.32,-22.461
186.55,14.87,-22.46
181.79,16.42,-22.46
177.04,17.971,-22.46
172.28,19.521,-22.459
167.52,21.071,-22.46
162.77,22.622,-22.459
158.01,24.172,-22.461
153.25,25.723,-22.459
148.5,27.273,-22.461
143.74,28.823,-22.46
138.98,30.374,-22.46
134.23,31.924,-22.46
129.47,33.474,-22.459
124.71,35.025,-22.46
119.96,36.575,-22.459
115.2,38.125,-22.461
110.45,39.676,-22.46
105.69,41.226,-22.46
100.94,42.801,-22.467
96.395,44.8,-22.459
92.235,47.579,-22.459
88.076,50.358,-22.459
84.04,53.292,-22.525
80.509,56.828,-22.459
77.322,60.685,-22.459
74.136,64.541,-22.459
70.949,68.398,-22.459
67.762,72.254,-22.459
64.575,76.111,-22.459
61.389,79.967,-22.459
196.73,6.9871,-21.241
191.98,8.5375,-21.243
187.22,10.088,-21.242
182.46,11.638,-21.242
177.71,13.189,-21.242
172.95,14.739,-21.241
168.2,16.289,-21.242
163.44,17.84,-21.241
158.68,19.39,-21.243
153.93,20.94,-21.241
149.17,22.491,-21.243
144.41,24.041,-21.242
139.66,25.591,-21.242
134.9,27.142,-21.242
130.14,28.692,-21.241
125.39,30.242,-21.242
120.63,31.793,-21.241
115.87,33.343,-21.243
111.12,34.893,-21.242
106.36,36.444,-21.242
101.61,38.019,-21.249
97.068,40.018,-21.241
92.907,42.796,-21.241
88.748,45.576,-21.241
84.712,48.51,-21.307
81.181,52.046,-21.241
77.995,55.903,-21.241
74.808,59.759,-21.241
71.621,63.615,-21.241
68.434,67.472,-21.241
65.248,71.328,-21.242
62.061,75.185,-21.241
197.41,2.2048,-20.034
192.65,3.7552,-20.036
187.89,5.3055,-20.035
183.14,6.8559,-20.035
178.38,8.4062,-20.035
173.62,9.9565,-20.034
168.87,11.507,-20.035
164.11,13.057,-20.034
159.35,14.608,-20.036
154.6,16.158,-20.034
149.84,17.708,-20.036
145.08,19.259,-20.035
140.33,20.809,-20.035
135.57,22.359,-20.035
130.82,23.91,-20.034
126.06,25.46,-20.035
121.3,27.01,-20.034
116.55,28.561,-20.036
111.79,30.111,-20.035
107.03,31.661,-20.035
102.29,33.236,-20.043
97.74,35.236,-20.034
93.579,38.014,-20.034
89.42,40.794,-20.034
85.384,43.727,-20.099
81.853,47.264,-20.034
78.667,51.12,-20.034
75.48,54.977,-20.034
72.293,58.833,-20.034
69.106,62.69,-20.034
65.92,66.546,-20.034
62.733,70.402,-20.034
198.08,-2.5775,-18.837
193.32,-1.0271,-18.84
188.57,0.52321,-18.838
183.81,2.0735,-18.839
179.05,3.6239,-18.839
174.3,5.1742,-18.838
169.54,6.7246,-18.838
164.78,8.2749,-18.838
160.03,9.8253,-18.839
155.27,11.376,-18.838
150.51,12.926,-18.84
145.76,14.476,-18.839
141,16.027,-18.839
136.24,17.577,-18.839
131.49,19.127,-18.838
126.73,20.678,-18.839
121.97,22.228,-18.837
117.22,23.778,-18.84
112.46,25.329,-18.838
107.71,26.879,-18.839
102.96,28.454,-18.846
98.412,30.454,-18.838
94.252,33.232,-18.837
90.092,36.011,-18.837
86.056,38.945,-18.902
82.525,42.482,-18.837
79.339,46.338,-18.838
76.152,50.194,-18.838
72.965,54.051,-18.837
69.779,57.907,-18.838
66.592,61.764,-18.838
63.405,65.62,-18.837
198.75,-7.3598,-17.652
193.99,-5.8094,-17.654
189.24,-4.2591,-17.653
184.48,-2.7088,-17.654
179.72,-1.1584,-17.654
174.97,0.39192,-17.653
170.21,1.9423,-17.653
165.46,3.4926,-17.652
160.7,5.0429,-17.654
155.94,6.5933,-17.652
151.19,8.1436,-17.654
146.43,9.694,-17.653
141.67,11.244,-17.653
136.92,12.795,-17.654
132.16,14.345,-17.652
127.4,15.895,-17.653
122.65,17.446,-17.652
117.89,18.996,-17.654
113.13,20.546,-17.653
108.38,22.097,-17.654
103.63,23.672,-17.661
99.084,25.671,-17.652
94.924,28.449,-17.652
90.764,31.229,-17.652
86.729,34.163,-17.716
83.198,37.699,-17.652
80.011,41.556,-17.652
76.824,45.412,-17.652
73.637,49.268,-17.652
70.451,53.125,-17.652
67.264,56.981,-17.652
64.077,60.838,-17.652
199.42,-12.142,-16.476
194.67,-10.592,-16.477
189.91,-9.0414,-16.477
185.15,-7.4911,-16.477
180.4,-5.9407,-16.477
175.64,-4.3904,-16.477
170.88,-2.84,-16.477
166.13,-1.2897,-16.477
161.37,0.26063,-16.478
156.61,1.811,-16.477
151.86,3.3613,-16.477
147.1,4.9117,-16.477
142.34,6.462,-16.477
137.59,8.0123,-16.477
132.83,9.5627,-16.476
128.08,11.113,-16.478
123.32,12.663,-16.476
118.56,14.214,-16.477
113.81,15.764,-16.477
109.05,17.314,-16.477
104.3,18.889,-16.484
99.756,20.889,-16.477
95.596,23.667,-16.476
91.436,26.447,-16.476
87.401,29.381,-16.54
83.87,32.917,-16.476
80.683,36.773,-16.477
77.496,40.63,-16.477
74.309,44.486,-16.477
71.123,48.343,-16.477
67.936,52.199,-16.477
64.749,56.055,-16.476
200.09,-16.924,-15.312
195.34,-15.374,-15.313
190.58,-13.824,-15.312
185.83,-12.273,-15.313
181.07,-10.723,-15.312
176.31,-9.1727,-15.312
171.56,-7.6224,-15.313
166.8,-6.072,-15.312
162.04,-4.5217,-15.313
157.29,-2.9713,-15.312
152.53,-1.421,-15.313
147.77,0.12934,-15.312
143.02,1.6797,-15.312
138.26,3.23,-15.313
133.5,4.7804,-15.312
128.75,6.3307,-15.313
123.99,7.881,-15.312
119.23,9.4314,-15.313
114.48,10.982,-15.312
109.72,12.532,-15.313
104.97,14.107,-15.319
100.43,16.107,-15.312
96.268,18.885,-15.312
92.109,21.665,-15.312
88.073,24.599,-15.375
84.542,28.135,-15.312
81.355,31.991,-15.313
78.168,35.847,-15.312
74.982,39.704,-15.312
71.795,43.56,-15.313
68.608,47.417,-15.313
65.421,51.273,-15.312
200.77,-21.707,-14.161
196.01,-20.156,-14.159
191.25,-18.606,-14.157
186.5,-17.056,-14.158
181.74,-15.505,-14.158
176.98,-13.955,-14.158
172.23,-12.405,-14.158
167.47,-10.854,-14.158
162.71,-9.304,-14.159
157.96,-7.7536,-14.158
153.2,-6.2033,-14.159
148.45,-4.653,-14.158
143.69,-3.1026,-14.158
138.93,-1.5523,-14.158
134.18,-0.0019577,-14.158
129.42,1.5484,-14.158
124.66,3.0987,-14.158
119.91,4.6491,-14.159
115.15,6.1994,-14.158
110.39,7.7497,-14.158
105.65,9.3247,-14.165
101.1,11.325,-14.158
96.94,14.103,-14.157
92.781,16.882,-14.157
88.745,19.817,-14.221
85.214,23.352,-14.158
82.027,27.209,-14.159
78.84,31.065,-14.158
75.654,34.922,-14.158
72.467,38.778,-14.159
69.28,42.634,-14.158
66.093,46.491,-14.157
201.44,-26.489,-13.014
196.68,-24.939,-13.014
191.93,-23.388,-13.014
187.17,-21.838,-13.014
182.41,-20.288,-13.014
177.66,-18.737,-13.014
172.9,-17.187,-13.014
168.14,-15.637,-13.014
163.39,-14.086,-13.014
158.63,-12.536,-13.014
153.87,-10.986,-13.015
149.12,-9.4353,-13.014
144.36,-7.8849,-13.014
139.6,-6.3346,-13.014
134.85,-4.7843,-13.014
130.09,-3.2339,-13.014
125.34,-1.6836,-13.014
120.58,-0.13326,-13.014
115.82,1.4171,-13.014
111.07,2.9674,-13.014
106.32,4.5424,-13.02
101.77,6.5429,-13.014
97.612,9.3202,-13.014
93.453,12.1,-13.014
89.418,15.035,-13.076
85.886,18.57,-13.014
82.699,22.426,-13.015
79.513,26.283,-13.014
76.326,30.139,-13.014
73.139,33.996,-13.015
69.952,37.852,-13.014
66.766,41.709,-13.014
202.11,-31.271,-11.894
197.35,-29.721,-11.88
192.6,-28.171,-11.88
187.84,-26.62,-11.881
183.08,-25.07,-11.88
178.33,-23.52,-11.88
173.57,-21.969,-11.88
168.82,-20.419,-11.88
164.06,-18.869,-11.88
159.3,-17.318,-11.88
154.55,-15.768,-11.88
149.79,-14.218,-11.88
145.03,-12.667,-11.88
140.28,-11.117,-11.88
135.52,-9.5666,-11.88
130.76,-8.0162,-11.88
126.01,-6.4659,-11.88
121.25,-4.9156,-11.88
116.49,-3.3652,-11.88
111.74,-1.8149,-11.881
106.99,-0.23994,-11.887
102.45,1.7608,-11.881
98.284,4.5379,-11.88
94.125,7.3176,-11.88
90.09,10.252,-11.942
86.558,13.788,-11.88
83.371,17.644,-11.88
80.185,21.501,-11.88
76.998,25.357,-11.88
73.811,29.213,-11.88
70.624,33.07,-11.88
67.438,36.926,-11.88
202.78,-36.054,-10.756
198.03,-34.503,-10.756
193.27,-32.953,-10.756
188.51,-31.403,-10.756
183.76,-29.852,-10.757
179,-28.302,-10.757
174.24,-26.752,-10.756
169.49,-25.201,-10.756
164.73,-23.651,-10.756
159.97,-22.101,-10.756
155.22,-20.55,-10.756
150.46,-19,-10.756
145.71,-17.45,-10.757
140.95,-15.899,-10.756
136.19,-14.349,-10.756
131.44,-12.799,-10.756
126.68,-11.248,-10.756
121.92,-9.6979,-10.756
117.17,-8.1476,-10.756
112.41,-6.5972,-10.756
107.66,-5.0222,-10.763
103.12,-3.0214,-10.757
98.956,-0.24441,-10.756
94.797,2.5353,-10.756
90.762,5.4703,-10.817
87.23,9.0054,-10.756
84.043,12.862,-10.756
80.857,16.718,-10.757
77.67,20.575,-10.756
74.483,24.431,-10.756
71.297,28.288,-10.757
68.11,32.144,-10.756
203.45,-40.836,-9.648
198.7,-39.286,-9.6474
193.94,-37.735,-9.6468
189.19,-36.185,-9.6463
184.43,-34.635,-9.648
179.67,-33.084,-9.6463
174.92,-31.534,-9.6491
170.16,-29.984,-9.6462
165.4,-28.433,-9.6479
160.65,-26.883,-9.6463
155.89,-25.333,-9.6468
151.13,-23.782,-9.6475
146.38,-22.232,-9.6458
141.62,-20.682,-9.6486
136.86,-19.131,-9.6467
132.11,-17.581,-9.6484
127.35,-16.031,-9.6458
122.6,-14.48,-9.6473
117.84,-12.93,-9.647
113.08,-11.38,-9.6461
108.33,-9.8045,-9.6547
103.79,-7.8035,-9.6468
99.628,-5.0267,-9.6457
95.469,-2.247,-9.6457
91.434,0.68814,-9.7059
87.902,4.2231,-9.6464
84.716,8.0796,-9.6471
81.529,11.936,-9.6482
78.342,15.792,-9.6461
75.155,19.649,-9.6467
71.969,23.505,-9.6486
68.782,27.362,-9.6457
204.13,-45.618,-8.562
199.37,-44.068,-8.566
194.61,-42.518,-8.5632
189.86,-40.967,-8.5648
185.1,-39.417,-8.5644
180.34,-37.867,-8.5636
175.59,-36.316,-8.5655
170.83,-34.766,-8.5624
166.08,-33.216,-8.5665
161.32,-31.665,-8.5627
156.56,-30.115,-8.5653
151.81,-28.565,-8.5638
147.05,-27.014,-8.5641
142.29,-25.464,-8.565
137.54,-23.914,-8.5629
132.78,-22.363,-8.5662
128.02,-20.813,-8.5622
123.27,-19.263,-8.5658
118.51,-17.712,-8.5633
113.75,-16.162,-8.5646
109.01,-14.587,-8.5709
104.46,-12.586,-8.5631
100.3,-9.809,-8.562
96.141,-7.0293,-8.562
92.107,-4.094,-8.6213
88.574,-0.55915,-8.5626
85.388,3.2973,-8.5656
82.201,7.1537,-8.5646
79.014,11.01,-8.5622
75.827,14.866,-8.5652
72.641,18.723,-8.565
69.454,22.579,-8.562
204.8,-50.401,-7.5083
200.04,-48.85,-7.5111
195.29,-47.3,-7.5095
190.53,-45.75,-7.5113
185.77,-44.199,-7.5084
181.02,-42.649,-7.5101
176.26,-41.099,-7.5094
171.5,-39.548,-7.5088
166.75,-37.998,-7.5106
161.99,-36.448,-7.509
157.23,-34.897,-7.5118
152.48,-33.347,-7.5089
147.72,-31.797,-7.5106
142.97,-30.246,-7.5089
138.21,-28.696,-7.5094
133.45,-27.146,-7.5101
128.7,-25.595,-7.5085
123.94,-24.045,-7.5113
119.18,-22.495,-7.5094
114.43,-20.944,-7.5111
109.68,-19.369,-7.5146
105.13,-17.368,-7.5094
100.97,-14.591,-7.5083
96.813,-11.812,-7.5083
92.779,-8.8762,-7.566
89.247,-5.3414,-7.5091
86.06,-1.485,-7.5115
82.873,2.3714,-7.5085
79.686,6.2278,-7.5087
76.5,10.084,-7.5118
73.313,13.941,-7.5088
70.126,17.797,-7.5083
205.47,-55.183,-6.4838
200.71,-53.632,-6.4818
195.96,-52.082,-6.4828
191.2,-50.532,-6.4826
186.45,-48.981,-6.484
181.69,-47.431,-6.4834
176.93,-45.881,-6.4836
172.18,-44.33,-6.4821
167.42,-42.78,-6.4823
162.66,-41.23,-6.4822
157.91,-39.679,-6.482
153.15,-38.129,-6.4835
148.39,-36.579,-6.4833
143.64,-35.028,-6.4841
138.88,-33.478,-6.4826
134.12,-31.928,-6.4829
129.37,-30.377,-6.4817
124.61,-28.827,-6.4816
119.86,-27.277,-6.4829
115.1,-25.726,-6.4827
110.35,-24.151,-6.4902
105.81,-22.15,-6.4827
101.64,-19.374,-6.4815
97.485,-16.594,-6.4815
93.451,-13.658,-6.5375
89.919,-10.124,-6.4823
86.732,-6.2673,-6.4817
83.545,-2.4109,-6.4842
80.358,1.4455,-6.4819
77.172,5.3019,-6.4821
73.985,9.1583,-6.4842
70.798,13.015,-6.4815
206.14,-59.965,-5.4803
201.39,-58.415,-5.4842
196.63,-56.864,-5.4816
191.87,-55.314,-5.483
187.12,-53.764,-5.4829
182.36,-52.213,-5.4817
177.6,-50.663,-5.4841
172.85,-49.113,-5.4804
168.09,-47.562,-5.4848
163.34,-46.012,-5.481
158.58,-44.462,-5.4835
153.82,-42.911,-5.4823
149.07,-41.361,-5.4822
144.31,-39.811,-5.4836
139.55,-38.26,-5.481
134.8,-36.71,-5.4848
130.04,-35.16,-5.4805
125.28,-33.609,-5.4841
120.53,-32.059,-5.4818
115.77,-30.509,-5.4828
111.02,-28.934,-5.4889
106.48,-26.932,-5.4815
102.32,-24.156,-5.4803
98.158,-21.376,-5.4803
94.123,-18.44,-5.5349
90.591,-14.906,-5.4807
87.404,-11.05,-5.4839
84.217,-7.1932,-5.4831
81.031,-3.3368,-5.4804
77.844,0.51959,-5.4835
74.657,4.376,-5.4835
71.47,8.2324,-5.4803
206.82,-64.747,-4.507
202.06,-63.197,-4.5091
197.3,-61.647,-4.5083
192.55,-60.096,-4.5102
187.79,-58.546,-4.5081
183.03,-56.996,-4.5089
178.28,-55.445,-4.5072
173.52,-53.895,-4.5076
168.76,-52.345,-4.5085
164.01,-50.794,-4.5077
159.25,-49.244,-4.5098
154.49,-47.694,-4.5087
149.74,-46.143,-4.5095
144.98,-44.593,-4.5074
140.23,-43.043,-4.5082
135.47,-41.492,-4.508
130.71,-39.942,-4.5072
125.96,-38.392,-4.5093
121.2,-36.841,-4.5085
116.44,-35.291,-4.5101
111.7,-33.716,-4.5138
107.15,-31.714,-4.5082
102.99,-28.938,-4.507
98.83,-26.159,-4.507
94.795,-23.223,-4.5604
91.263,-19.688,-4.5079
88.076,-15.832,-4.5095
84.889,-11.976,-4.5079
81.703,-8.1191,-4.5074
78.516,-4.2627,-4.5099
75.329,-0.4063,-4.5074
72.142,3.4501,-4.507
207.49,-69.53,-3.5577
202.73,-67.979,-3.5603
197.97,-66.429,-3.559
193.22,-64.879,-3.5589
188.46,-63.328,-3.5603
183.71,-61.778,-3.5577
178.95,-60.228,-3.5616
174.19,-58.677,-3.5583
169.44,-57.127,-3.5609
164.68,-55.577,-3.5584
159.92,-54.026,-3.5595
155.17,-52.476,-3.5597
150.41,-50.926,-3.5582
145.65,-49.375,-3.5611
140.9,-47.825,-3.5585
136.14,-46.275,-3.5615
131.38,-44.724,-3.5578
126.63,-43.174,-3.5601
121.87,-41.624,-3.5592
117.12,-40.073,-3.5588
112.37,-38.498,-3.5661
107.82,-36.496,-3.5589
103.66,-33.721,-3.5577
99.502,-30.941,-3.5577
95.468,-28.005,-3.6093
91.935,-24.471,-3.5585
88.748,-20.614,-3.5599
85.561,-16.758,-3.5606
82.375,-12.901,-3.5581
79.188,-9.045,-3.5595
76.001,-5.1886,-3.561
72.815,-1.3322,-3.5577
208.16,-74.312,-2.643
203.4,-72.762,-2.6364
198.65,-71.211,-2.6349
193.89,-69.661,-2.637
189.13,-68.111,-2.6341
184.38,-66.56,-2.6356
179.62,-65.01,-2.6344
174.86,-63.46,-2.6342
170.11,-61.909,-2.6358
165.35,-60.359,-2.6343
160.6,-58.809,-2.6372
155.84,-57.258,-2.6347
151.08,-55.708,-2.6362
146.33,-54.158,-2.6338
141.57,-52.607,-2.6348
136.81,-51.057,-2.6352
132.06,-49.507,-2.6338
127.3,-47.956,-2.6366
122.54,-46.406,-2.6351
117.79,-44.856,-2.6368
113.04,-43.281,-2.6395
108.5,-41.278,-2.6348
104.33,-38.503,-2.6336
100.17,-35.723,-2.6336
96.14,-32.787,-2.6844
92.607,-29.253,-2.6336
89.42,-25.397,-2.6336
86.234,-21.54,-2.6338
83.047,-17.684,-2.6336
79.86,-13.827,-2.6336
76.673,-9.9709,-2.6336
73.487,-6.1145,-2.6336
208.83,-79.094,-1.7327
204.08,-77.544,-1.7357
199.32,-75.994,-1.7341
194.56,-74.443,-1.7343
189.81,-72.893,-1.7355
185.05,-71.343,-1.7329
180.29,-69.792,-1.7369
175.54,-68.242,-1.7334
170.78,-66.692,-1.7363
166.02,-65.141,-1.7335
161.27,-63.591,-1.7349
156.51,-62.041,-1.7349
151.75,-60.49,-1.7335
147,-58.94,-1.7363
142.24,-57.39,-1.7334
137.49,-55.839,-1.7369
132.73,-54.289,-1.7329
127.97,-52.739,-1.7355
123.22,-51.188,-1.7343
118.46,-49.638,-1.7341
113.71,-48.063,-1.741
109.17,-46.061,-1.734
105.01,-43.285,-1.7327
100.85,-40.505,-1.7327
96.812,-37.569,-1.7818
93.279,-34.035,-1.7327
90.092,-30.179,-1.7327
86.906,-26.322,-1.7327
83.719,-22.466,-1.7327
80.532,-18.61,-1.7327
77.346,-14.753,-1.7327
74.159,-10.897,-1.7327
209.5,-83.877,-0.61224
204.75,-82.326,-0.85789
199.99,-80.776,-0.85743
195.23,-79.226,-0.85932
190.48,-77.675,-0.85765
185.72,-76.125,-0.85812
180.97,-74.575,-0.85622
176.21,-73.024,-0.85666
171.45,-71.474,-0.85727
166.7,-69.924,-0.85682
161.94,-68.373,-0.8587
157.18,-66.823,-0.85823
152.43,-65.273,-0.85875
147.67,-63.722,-0.85684
142.91,-62.172,-0.85729
138.16,-60.622,-0.85664
133.4,-59.071,-0.85621
128.64,-57.521,-0.85808
123.89,-55.971,-0.85762
119.13,-54.42,-0.85939
114.38,-52.845,-0.86277
109.84,-50.843,-0.85731
105.68,-48.067,-0.85602
101.52,-45.288,-0.85602
97.484,-42.351,-0.90425
93.951,-38.818,-0.85602
90.765,-34.961,-0.85602
87.578,-31.105,-0.85602
84.391,-27.248,-0.85602
81.204,-23.392,-0.85602
78.018,-19.536,-0.85602
74.831,-15.679,-0.85602
210.18,-88.659,-0
205.26,-87.056,0
200.34,-85.454,0
195.43,-83.851,0
190.51,-82.248,0
185.59,-80.646,0
180.67,-79.043,0
175.76,-77.44,0
170.84,-75.838,0
165.92,-74.235,0
161.01,-72.632,0
156.09,-71.03,0
151.17,-69.427,0
146.26,-67.824,0
141.34,-66.222,0
136.42,-64.619,0
131.5,-63.016,0
126.59,-61.414,0
121.67,-59.811,0
116.75,-58.208,0
111.87,-56.538,0
107.57,-53.665,0
103.27,-50.791,0
98.97,-47.918,0
95.269,-44.381,0
91.975,-40.394,0
88.68,-36.408,0
85.386,-32.421,0
82.092,-28.435,0
78.797,-24.448,0
75.503,-20.461,0
