468,469,500
621,589,590
97,96,65
292,324,323
760,729,761
427,426,395
861,862,893
555,587,586
631,662,630
760,759,728
556,557,588
308,307,276
161,160,129
591,592,623
423,422,391
331,363,362
349,317,318
226,194,195
631,663,662
241,240,209
66,67,98
65,66,97
103,71,72
34,35,66
118,87,119
13,14,45
71,40,72
392,393,424
487,456,488
138,169,137
162,194,193
426,427,458
386,418,417
455,454,423
417,385,386
483,452,484
627,628,659
449,481,480
721,720,689
836,837,868
616,648,647
625,624,593
623,655,654
616,615,584
613,645,644
611,579,580
490,521,489
457,489,488
582,551,583
476,507,475
653,685,684
684,683,652
736,705,737
694,695,726
760,792,791
711,743,742
754,753,722
706,738,737
793,792,761
691,692,723
846,877,845
765,797,796
772,803,771
666,697,665
664,695,663
660,659,628
635,667,666
428,459,427
731,699,700
539,570,538
509,508,477
495,496,527
639,638,607
530,529,498
366,335,367
410,409,378
474,473,442
523,524,555
242,210,211
226,195,227
158,189,157
174,205,173
268,267,236
311,279,280
317,349,348
131,132,163
64,33,65
11,12,43
106,138,137
97,66,98
174,142,143
229,228,197
266,265,234
133,165,164
228,227,196
162,131,163
131,130,99
173,142,174
102,70,71
37,68,36
71,39,40
2,3,34
42,43,74
104,103,72
70,39,71
41,42,73
76,45,77
76,44,45
119,88,120
105,137,136
105,104,73
118,150,149
74,106,105
45,46,77
55,23,24
253,254,285
242,243,274
148,149,180
148,180,179
171,139,140
175,207,206
139,138,107
205,174,206
138,106,107
104,72,73
234,233,202
273,241,242
332,331,300
353,385,384
334,333,302
300,268,269
265,264,233
302,303,334
314,346,345
405,374,406
345,344,313
302,301,270
438,437,406
399,398,367
334,335,366
369,370,401
364,333,365
367,368,399
399,430,398
396,365,397
434,435,466
424,423,392
456,424,425
391,422,390
390,359,391
425,394,426
360,361,392
362,394,393
331,330,299
297,296,265
264,232,233
267,299,298
330,362,361
323,291,292
353,322,354
321,289,290
326,325,294
290,258,259
323,354,322
360,392,391
420,389,421
423,391,392
388,356,357
389,388,357
417,449,448
450,481,449
516,485,517
482,451,483
553,554,585
418,419,450
452,420,421
548,516,517
492,493,524
615,614,583
580,579,548
613,612,581
579,547,548
612,611,580
578,546,547
578,547,579
546,515,547
546,514,515
513,482,514
579,611,610
679,647,648
681,712,680
673,641,642
737,768,736
803,835,834
802,771,803
879,847,848
802,770,771
784,815,783
836,868,867
708,740,739
770,769,738
679,680,711
705,704,673
714,746,745
773,772,741
718,750,749
714,715,746
708,676,677
713,745,744
777,778,809
850,851,882
838,806,807
779,778,747
746,747,778
874,873,842
810,841,809
839,838,807
732,763,731
720,751,719
711,742,710
782,781,750
782,750,751
722,721,690
621,653,652
654,622,623
585,586,617
619,620,651
615,583,584
711,680,712
681,713,712
551,552,583
622,590,591
518,486,487
487,486,455
520,489,521
488,456,457
581,550,582
551,550,519
566,567,598
555,554,523
587,556,588
622,591,623
476,477,508
430,429,398
497,498,529
602,571,603
466,467,498
499,500,531
494,462,463
461,429,430
498,499,530
572,571,540
561,530,562
540,508,509
636,635,604
630,598,599
566,597,565
601,602,633
599,568,600
632,601,633
590,559,591
631,600,632
598,629,597
629,661,660
629,660,628
656,687,655
821,822,853
825,793,794
846,814,815
851,852,883
819,820,851
825,826,857
857,858,889
885,854,886
854,822,823
857,826,858
731,730,699
824,792,793
725,756,724
757,726,758
725,693,694
600,631,599
629,628,597
700,699,668
697,696,665
701,700,669
730,762,761
732,731,700
762,793,761
794,793,762
767,798,766
731,763,762
764,795,763
860,829,861
764,763,732
861,830,862
767,766,735
796,795,764
733,765,764
797,766,798
605,606,637
605,604,573
700,668,669
666,665,634
633,602,634
604,635,603
635,666,634
667,698,666
502,470,471
508,539,507
539,571,570
572,603,571
468,436,437
476,508,507
441,440,409
478,509,477
443,474,442
479,510,478
510,541,509
539,538,507
377,376,345
280,312,311
382,351,383
246,277,245
349,318,350
285,286,317
318,319,350
316,285,317
343,312,344
412,381,413
313,314,345
382,383,414
312,313,344
345,376,344
445,477,476
478,477,446
407,439,438
377,409,408
404,372,373
436,435,404
439,471,470
405,406,437
438,469,437
432,401,433
437,469,468
434,402,403
336,368,367
368,336,337
372,341,373
270,239,271
274,306,305
337,306,338
341,342,373
373,342,374
343,374,342
250,281,249
245,277,276
341,310,342
344,376,375
144,143,112
150,151,182
181,180,149
253,221,222
178,146,147
220,189,221
209,177,178
178,177,146
239,207,208
249,248,217
151,150,119
106,75,107
110,109,78
50,81,49
148,117,149
151,183,182
82,81,50
86,85,54
154,123,155
119,87,88
59,90,58
121,152,120
185,154,186
121,153,152
155,156,187
214,183,215
222,223,254
221,253,252
219,188,220
220,188,189
184,153,185
221,190,222
154,155,186
157,188,156
61,29,30
62,93,61
56,24,25
33,34,65
1,2,33
3,4,35
69,68,37
69,38,70
3,35,34
69,37,38
99,67,68
66,35,67
32,33,64
34,66,65
1,33,32
2,34,33
65,96,64
97,98,129
128,129,160
128,97,129
96,97,128
130,161,129
195,164,196
161,193,192
288,257,289
161,192,160
225,194,226
161,162,193
230,229,198
130,162,161
163,194,162
130,131,162
166,165,134
98,130,129
98,99,130
134,133,102
98,67,99
99,100,131
167,135,136
131,100,132
168,136,137
198,197,166
164,132,133
196,164,165
163,132,164
195,196,227
230,198,199
165,197,196
232,231,200
165,166,197
238,206,207
198,166,167
165,133,134
134,135,166
168,137,169
132,101,133
102,103,134
135,134,103
101,69,70
102,101,70
68,67,36
133,101,102
100,68,69
101,100,69
67,35,36
132,100,101
99,68,100
4,36,35
4,5,36
38,39,70
5,37,36
5,6,37
7,39,38
6,38,37
6,7,38
8,39,7
9,40,8
40,41,72
10,11,42
8,40,39
9,41,40
108,109,140
72,41,73
74,105,73
106,137,105
74,75,106
108,140,139
78,109,77
73,42,74
11,43,42
12,44,43
41,10,42
9,10,41
12,13,44
13,45,44
46,47,78
79,110,78
75,43,44
14,46,45
14,15,46
46,15,47
80,111,79
77,46,78
79,111,110
112,113,144
83,114,82
78,47,79
75,76,107
77,109,108
108,107,76
74,43,75
108,76,77
75,44,76
110,141,109
141,142,173
204,173,205
172,141,173
109,141,140
110,111,142
175,174,143
141,110,142
176,175,144
142,111,143
174,175,206
243,211,212
144,175,143
176,207,175
235,204,236
204,172,173
201,202,233
202,170,171
202,171,203
140,141,172
167,168,199
234,203,235
169,170,201
201,170,202
138,170,169
138,139,170
108,139,107
140,172,171
203,171,172
170,139,171
104,136,135
104,105,136
135,103,104
102,71,103
199,198,167
166,135,167
201,200,169
167,136,168
200,199,168
265,233,234
169,200,168
201,233,232
231,232,263
200,201,232
263,232,264
266,298,297
262,231,263
265,266,297
299,330,298
296,264,265
298,330,329
295,264,296
297,298,329
364,332,333
297,329,328
363,331,332
331,299,300
298,266,267
204,235,203
236,237,268
203,234,202
235,266,234
206,237,205
237,269,268
236,204,205
203,172,204
269,237,238
236,205,237
270,269,238
237,206,238
241,272,240
238,207,239
240,271,239
272,303,271
269,270,301
271,303,302
239,270,238
271,302,270
301,300,269
267,235,236
332,300,301
299,268,300
299,267,268
266,235,267
333,332,301
334,366,365
429,428,397
395,363,364
397,365,366
331,362,330
302,333,301
334,365,333
303,335,334
368,337,369
431,399,400
398,366,367
431,430,399
397,366,398
433,434,465
429,397,398
431,462,430
428,396,397
461,460,429
427,396,428
427,395,396
394,363,395
425,426,457
394,395,426
396,395,364
355,354,323
394,362,363
328,359,327
396,364,365
363,332,364
297,328,296
361,362,393
328,327,296
328,329,360
328,360,359
361,393,392
329,361,360
329,330,361
389,358,390
360,391,359
393,425,424
393,394,425
456,455,424
422,421,390
454,422,423
421,389,390
454,453,422
420,388,389
387,388,419
387,356,388
452,451,420
419,388,420
325,357,356
357,358,389
324,325,356
358,359,390
293,325,324
326,358,357
325,326,357
327,359,358
295,326,294
327,358,326
327,326,295
293,261,262
327,295,296
294,263,295
230,231,262
264,295,263
199,231,230
199,200,231
260,229,261
263,294,262
198,229,197
230,262,261
197,228,196
229,230,261
228,229,260
262,294,293
228,260,259
261,293,292
325,293,294
292,260,261
324,292,293
291,260,292
322,290,291
289,258,290
259,258,227
259,291,290
228,259,227
260,291,259
193,194,225
227,258,226
163,195,194
163,164,195
193,225,224
226,258,257
193,224,192
257,258,289
224,225,256
322,321,290
288,256,257
225,257,256
225,226,257
289,320,288
321,353,352
385,353,354
352,320,321
353,321,322
320,289,321
356,355,324
322,291,323
451,419,420
418,387,419
386,387,418
386,355,387
324,355,323
356,387,355
354,386,385
354,355,386
449,417,418
416,385,417
353,384,352
385,416,384
417,448,416
450,482,481
483,515,514
449,480,448
481,482,513
546,545,514
512,481,513
480,481,512
544,545,576
545,513,514
482,483,514
520,519,488
450,451,482
484,515,483
452,483,451
449,418,450
453,484,452
450,419,451
453,452,421
453,485,484
422,453,421
454,485,453
519,518,487
485,454,486
519,487,488
486,454,455
424,455,423
456,487,455
517,518,549
517,486,518
520,551,519
550,518,519
582,550,551
549,518,550
581,549,550
547,515,516
548,517,549
485,486,517
484,516,515
484,485,516
581,580,549
547,516,548
549,580,548
581,612,580
582,613,581
645,614,646
614,613,582
614,615,646
583,614,582
679,648,680
645,646,677
645,613,614
615,647,646
615,616,647
674,643,675
644,612,613
709,677,678
646,647,678
643,644,675
645,677,676
674,642,643
675,644,676
611,643,642
611,612,643
676,644,645
643,612,644
609,610,641
611,642,610
610,578,579
577,545,546
512,513,544
578,577,546
544,513,545
610,609,578
576,545,577
577,608,576
609,641,640
608,609,640
610,642,641
577,609,608
577,578,609
641,672,640
673,674,705
676,707,675
672,641,673
706,737,705
704,672,673
707,706,675
673,642,674
708,707,676
706,674,675
708,739,707
740,771,739
737,738,769
774,743,775
739,738,707
739,770,738
736,704,705
738,706,707
705,674,706
769,800,768
737,769,768
770,802,801
802,834,833
833,864,832
800,801,832
834,866,865
833,865,864
833,834,865
801,802,833
835,866,834
769,770,801
803,834,802
772,771,740
770,739,771
832,801,833
800,769,801
836,804,805
835,803,804
804,836,835
805,837,836
839,871,870
835,867,866
835,836,867
837,869,868
837,838,869
838,839,870
837,806,838
840,871,839
869,838,870
837,805,806
808,839,807
742,773,741
809,840,808
806,775,807
714,745,713
744,775,743
805,774,806
742,741,710
806,774,775
741,772,740
805,773,774
805,804,773
804,772,773
804,803,772
709,708,677
709,740,708
741,709,710
741,740,709
709,678,710
677,646,678
774,742,743
774,773,742
678,679,710
678,647,679
679,711,710
712,743,711
648,649,680
682,714,713
681,682,713
748,717,749
650,682,681
683,715,714
682,683,714
717,718,749
650,651,682
684,715,683
747,746,715
746,777,745
716,748,747
748,779,747
712,713,744
746,778,777
712,744,743
745,776,744
775,776,807
775,744,776
776,777,808
776,745,777
841,840,809
807,776,808
811,842,810
808,777,809
808,840,839
841,872,840
871,840,872
872,841,873
873,841,842
810,842,841
843,874,842
844,843,812
844,875,843
843,842,811
809,778,810
811,779,780
810,778,779
843,811,812
810,779,811
846,845,814
811,780,812
813,844,812
875,874,843
876,875,844
845,876,844
813,845,844
877,876,845
878,846,847
878,877,846
847,846,815
748,780,779
780,781,812
814,845,813
847,815,816
814,783,815
814,782,783
814,813,782
813,781,782
813,812,781
781,749,750
781,780,749
715,716,747
749,780,748
684,685,716
718,719,750
652,653,684
685,717,716
684,716,715
717,748,716
687,686,655
717,685,686
686,718,717
751,720,752
686,687,718
720,721,752
688,687,656
719,718,687
656,655,624
654,685,653
621,590,622
624,655,623
588,557,589
626,594,595
558,559,590
596,628,627
530,561,529
557,556,525
589,557,558
556,555,524
620,588,589
588,619,587
653,621,622
620,589,621
620,621,652
654,686,685
622,654,653
655,686,654
651,652,683
651,620,652
682,651,683
650,618,619
649,618,650
617,616,585
681,649,650
681,680,649
585,616,584
617,648,616
649,617,618
649,648,617
553,585,584
586,618,617
554,586,585
587,618,586
554,555,586
588,620,619
553,522,554
556,587,555
650,619,651
618,587,619
521,490,522
524,525,556
554,522,523
489,520,488
553,521,522
553,552,521
584,552,553
584,583,552
552,520,521
552,551,520
490,489,458
456,425,457
522,490,491
489,457,458
490,458,459
457,426,458
460,459,428
458,427,459
522,491,523
490,459,491
492,460,461
460,428,429
493,492,461
491,459,460
491,492,523
491,460,492
492,524,523
557,526,558
493,525,524
526,527,558
589,558,590
557,525,526
493,494,525
527,559,558
525,494,526
528,559,527
526,494,495
493,461,462
493,462,494
461,430,462
496,495,464
462,431,463
496,464,465
463,431,432
497,465,466
432,431,400
528,496,497
495,463,464
496,528,527
529,561,560
526,495,527
494,463,495
528,497,529
496,465,497
501,533,532
531,532,563
497,466,498
465,464,433
400,401,432
434,466,465
402,434,433
435,467,466
467,499,498
505,536,504
467,468,499
467,436,468
468,500,499
502,503,534
438,470,469
537,505,506
501,470,502
536,505,537
533,502,534
501,469,470
535,534,503
534,565,533
504,536,535
537,569,568
500,501,532
534,535,566
499,531,530
532,564,563
469,501,500
502,533,501
500,532,531
533,564,532
597,596,565
562,530,531
564,565,596
598,630,629
598,597,566
564,533,565
599,598,567
565,534,566
664,663,632
695,694,663
662,661,630
630,661,629
663,694,662
662,693,661
564,596,595
597,628,596
658,627,659
560,591,559
658,626,627
592,591,560
563,594,562
594,625,593
627,595,596
627,626,595
563,562,531
562,593,561
595,563,564
595,594,563
528,529,560
562,594,593
528,560,559
561,592,560
593,592,561
624,623,592
626,625,594
624,592,593
657,656,625
657,688,656
657,625,626
656,624,625
720,688,689
719,687,688
688,720,719
722,723,754
658,657,626
689,688,657
722,690,691
689,657,658
690,658,659
690,689,658
689,690,721
723,755,754
786,754,755
785,753,754
753,721,722
753,752,721
785,784,753
751,750,719
783,751,752
783,782,751
818,817,786
784,752,753
752,784,783
785,816,784
850,849,818
815,784,816
879,848,880
847,816,848
878,847,879
848,849,880
880,849,881
848,816,817
849,850,881
817,816,785
850,818,819
817,785,786
787,786,755
785,754,786
849,817,818
849,848,817
789,788,757
787,755,756
851,820,852
819,788,820
850,819,851
818,786,787
852,884,883
850,882,881
851,883,882
853,854,885
855,856,887
884,853,885
853,822,854
852,853,884
852,820,821
852,821,853
820,788,789
821,790,822
789,757,758
790,789,758
756,755,724
757,725,726
757,756,725
821,789,790
821,820,789
788,756,757
788,787,756
819,787,788
819,818,787
724,723,692
690,659,691
691,723,722
724,755,723
692,660,661
691,659,660
724,692,693
691,660,692
724,693,725
692,661,693
725,694,726
693,662,694
726,727,758
726,695,727
760,728,729
727,695,696
698,697,666
729,728,697
729,730,761
763,794,762
697,698,729
731,762,730
795,794,763
826,825,794
791,792,823
759,758,727
727,728,759
761,792,760
790,791,822
790,758,759
791,759,760
791,790,759
855,823,824
822,791,823
855,824,856
823,792,824
854,855,886
854,823,855
855,887,886
856,888,887
857,889,888
858,890,889
856,857,888
856,824,825
858,859,890
858,826,827
830,829,798
826,794,795
856,825,857
824,793,825
858,827,859
826,795,827
860,861,892
796,827,795
859,860,891
859,827,828
859,891,890
860,892,891
861,893,892
862,830,831
862,894,893
862,863,894
830,798,799
861,829,830
860,859,828
863,862,831
799,798,767
831,830,799
829,797,798
828,827,796
765,796,764
797,829,828
797,828,796
829,860,828
701,732,700
733,734,765
732,733,764
766,797,765
670,701,669
733,732,701
702,733,701
734,766,765
671,703,702
703,734,702
702,734,733
735,766,734
734,703,735
637,669,668
669,638,670
702,670,671
702,701,670
671,670,639
670,638,639
635,634,603
539,540,571
604,603,572
607,606,575
604,572,573
574,606,605
606,638,637
605,637,636
638,669,637
573,574,605
607,638,606
699,667,668
699,698,667
730,698,699
730,729,698
601,632,600
633,664,632
728,696,697
728,727,696
696,664,665
696,695,664
599,631,630
632,663,631
665,633,634
665,664,633
569,601,600
602,603,634
570,602,601
570,571,602
668,667,636
636,667,635
605,636,604
637,668,636
570,569,538
567,566,535
538,569,537
570,601,569
536,568,567
569,600,568
503,504,535
537,568,536
536,567,535
568,599,567
502,471,503
470,438,439
471,472,503
471,440,472
472,504,503
506,474,475
472,473,504
472,440,441
538,537,506
504,473,505
507,506,475
505,473,474
443,444,475
445,446,477
538,506,507
505,474,506
540,539,508
540,541,572
541,540,509
541,573,572
541,542,573
575,606,574
510,511,542
542,574,573
575,574,543
510,542,541
543,574,542
478,510,509
511,543,542
479,511,510
478,446,447
413,444,412
478,447,479
413,445,444
444,445,476
444,443,412
475,444,476
377,378,409
414,445,413
407,406,375
446,445,414
412,380,381
379,410,378
379,347,348
381,382,413
350,351,382
446,414,415
413,382,414
446,415,447
414,383,415
286,318,317
286,287,318
350,319,351
318,287,319
286,285,254
255,254,223
255,286,254
287,286,255
284,285,316
284,252,253
284,253,285
219,251,250
251,252,283
184,216,215
382,381,350
284,315,283
349,381,380
349,350,381
380,348,349
347,315,316
348,316,317
348,347,316
314,282,283
282,251,283
315,314,283
281,280,249
315,284,316
283,252,284
250,251,282
217,248,216
252,251,220
219,250,218
278,277,246
247,215,216
281,250,282
249,218,250
313,281,282
313,312,281
282,314,313
315,346,314
375,376,407
345,346,377
378,377,346
410,379,411
347,378,346
379,380,411
380,379,348
346,315,347
412,411,380
378,347,379
474,443,475
442,411,443
443,411,412
442,441,410
442,410,411
377,408,376
473,441,442
473,472,441
441,409,410
408,407,376
440,408,409
440,439,408
406,407,438
440,471,439
374,375,406
408,439,407
343,375,374
343,344,375
339,307,308
340,309,341
341,309,310
245,276,244
405,373,374
372,340,341
371,372,403
371,340,372
435,403,404
402,371,403
436,404,405
403,372,404
436,405,437
404,373,405
403,435,434
436,467,435
338,339,370
370,339,371
433,401,402
336,367,335
370,369,338
401,400,369
464,432,433
464,463,432
400,368,369
400,399,368
303,304,335
337,338,369
335,304,336
336,305,337
402,370,371
402,401,370
339,338,307
305,273,274
371,339,340
338,306,307
340,339,308
306,275,307
272,241,273
275,306,274
337,305,306
304,272,273
240,272,271
273,305,304
336,304,305
303,272,304
274,273,242
240,239,208
208,177,209
179,180,211
275,274,243
241,210,242
181,212,180
210,179,211
275,243,244
242,211,243
279,278,247
244,243,212
309,277,278
276,275,244
309,308,277
307,275,276
279,310,278
310,311,342
277,308,276
309,340,308
343,342,311
309,278,310
247,248,279
281,312,280
343,311,312
310,279,311
248,247,216
246,215,247
280,248,249
280,279,248
278,246,247
245,214,246
215,183,184
181,149,150
246,214,215
213,244,212
152,151,120
152,183,151
151,119,120
53,85,84
150,118,119
117,85,86
149,117,118
116,85,117
182,181,150
212,211,180
214,182,183
214,213,182
213,212,181
213,245,244
182,213,181
214,245,213
178,147,179
116,117,148
210,178,179
177,145,146
210,209,178
176,145,177
241,209,210
208,176,177
240,208,209
207,176,208
176,144,145
143,111,112
80,112,111
114,146,145
144,113,145
147,148,179
113,114,145
115,146,114
83,115,114
116,148,147
115,147,146
115,116,147
79,48,80
83,84,115
51,82,50
47,15,16
49,81,80
82,114,113
47,48,79
81,112,80
81,113,112
81,82,113
48,16,17
80,48,49
47,16,48
48,17,49
17,18,49
52,84,83
49,18,50
18,19,50
19,20,51
54,85,53
50,19,51
51,83,82
84,116,115
51,52,83
85,116,84
118,86,87
118,117,86
55,86,54
52,20,21
84,52,53
51,20,52
87,86,55
53,22,54
54,22,23
53,21,22
53,52,21
56,55,24
87,55,56
54,23,55
26,58,57
57,56,25
27,28,59
124,123,92
89,88,57
27,59,58
60,91,59
27,58,26
59,91,90
122,90,91
88,56,57
26,57,25
58,90,89
120,88,89
87,56,88
58,89,57
90,121,89
123,124,155
120,89,121
217,185,186
184,152,153
152,184,183
185,216,184
249,217,218
216,185,217
217,186,218
185,153,154
121,122,153
187,156,188
153,122,154
154,122,123
124,156,155
121,90,122
125,156,124
122,91,123
157,156,125
123,91,92
157,189,188
190,191,222
186,187,218
186,155,187
252,220,221
219,187,188
251,219,220
218,187,219
253,222,254
221,189,190
158,190,189
158,159,190
222,191,223
190,159,191
158,157,126
158,126,127
125,93,94
158,127,159
126,95,127
126,94,95
93,92,61
126,125,94
92,60,61
157,125,126
124,93,125
124,92,93
91,60,92
60,28,29
60,59,28
94,93,62
60,29,61
62,30,31
94,62,63
61,30,62
94,63,95
62,31,63
