-70.883,-152.54,-30
-66.427,-145.7,-30
-61.552,-139.63,-30
-71.933,-151.82,-25
-69.03,-147.37,-23.253
-65.929,-143.06,-28.458
-62.602,-138.91,-25
-72.982,-151.1,-20
-70.08,-146.64,-18.253
-66.977,-142.34,-23.466
-63.651,-138.19,-20
-74.032,-150.38,-15
-71.13,-145.92,-13.253
-68.025,-141.62,-18.474
-64.701,-137.47,-15
-75.082,-149.65,-10
-72.18,-145.2,-8.2531
-69.073,-140.9,-13.482
-65.751,-136.75,-10
-76.131,-148.93,-5
-73.229,-144.48,-3.253
-70.121,-140.18,-8.4904
-66.8,-136.03,-5
-77.181,-148.21,-0
-72.725,-141.38,0
-67.85,-135.31,0
